0	1	5	816.349
1	3.355913	5	816.309
2	3.35509	5	816.269
3	3.354656	5	816.229
4	3.353915	5	816.189
5	3.353326	5	816.149
6	3.352526	5	816.109
7	3.35185	5.01015	816.069
8	3.351058	5.0533	816.029
9	3.350393	5.09645	815.989
10	3.349644	5.13959	815.949
11	3.348967	5.18274	815.909
12	3.348213	5.22589	815.869
13	3.347509	5.26904	815.829
14	3.346752	5.31218	815.789
15	3.346036	5.35533	815.749
16	3.345283	5.39848	815.709
17	3.344559	5.44162	815.669
18	3.343806	5.48477	815.629
19	3.343072	5.52792	815.589
20	3.342316	5.57107	815.549
21	3.341574	5.61421	815.509
22	3.340817	5.65736	815.469
23	3.340069	5.70051	815.429
24	3.33931	5.74365	815.389
25	3.338556	5.7868	815.349
26	3.337794	5.82995	815.309
27	3.337036	5.8731	815.269
28	3.336271	5.91624	815.229
29	3.335508	5.95939	815.189
30	3.33474	6	815.149
31	3.333972	6	815.109
32	3.3332	5.72727	815.069
33	3.332429	5.35354	815.029
34	3.331653	5.0101	814.989
35	3.330877	5	814.949
36	3.330098	5	814.909
37	3.329317	5	814.869
38	3.328534	5	814.829
39	3.327749	5	814.789
40	3.326961	5	814.749
41	3.326172	5	814.709
42	3.32538	5	814.669
43	3.324585	5	814.629
44	3.323788	5	814.589
45	3.322989	5	814.549
46	3.322187	5	814.509
47	3.321382	5	814.469
48	3.320574	5	814.429
49	3.319764	5	814.389
50	3.31895	5	814.349
51	3.318134	5	814.309
52	3.317314	5	814.269
53	3.316492	5	814.229
54	3.315667	5	814.189
55	3.314839	5	814.149
56	3.314009	5	814.109
57	3.313177	5	814.069
58	3.312342	5	814.029
59	3.311505	5	813.989
60	3.310667	5	813.949
61	3.309826	5	813.909
62	3.308984	5	813.869
63	3.30814	5	813.829
64	3.307295	5	813.789
65	3.306447	5	813.749
66	3.305599	5	813.709
67	3.304748	5	813.669
68	3.303895	5	813.629
69	3.303041	5	813.589
70	3.302184	5	813.549
71	3.301325	5	813.509
72	3.300463	5	813.469
73	3.299599	5.32727	813.429
74	3.298732	6.71818	813.389
75	3.297863	6.8	813.349
76	3.296991	6.77098	813.309
77	3.296117	6.7093	813.269
78	3.29524	6.64762	813.229
79	3.29436	6.58594	813.189
80	3.293479	6.52426	813.149
81	3.292594	6.46259	813.109
82	3.291708	6.40091	813.069
83	3.290819	6.33923	813.029
84	3.289928	6.27755	812.989
85	3.289034	6.21587	812.949
86	3.288138	6.1542	812.909
87	3.28724	6.08345	812.869
88	3.28634	6.0127	812.829
89	3.285438	6	812.789
90	3.284534	6	812.749
91	3.283628	6	812.709
92	3.28272	6	812.669
93	3.28181	6	812.629
94	3.280899	6	812.589
95	3.279986	6	812.549
96	3.279071	6	812.509
97	3.278155	6	812.469
98	3.277237	6	812.429
99	3.276318	6	812.389
100	3.275399	6	812.349
101	3.274479	6	812.309
102	3.273559	6	812.269
103	3.272639	6	812.229
104	3.27172	6	812.189
105	3.270804	6	812.149
106	3.269891	6	812.109
107	3.268982	6	812.069
108	3.26808	6	812.029
109	3.267187	6	811.989
110	3.266304	6	811.949
111	3.265436	6	811.909
112	3.264586	6	811.869
113	3.26376	6	811.829
114	3.262963	6	811.789
115	3.262202	6	811.749
116	3.261488	6	811.709
117	3.26083	6	811.669
118	3.260242	6	811.629
119	3.259741	6	811.589
120	3.259345	6	811.549
121	3.25908	6	811.509
122	3.258973	6	811.469
123	3.259057	6	811.429
124	3.259373	6	811.389
125	3.259965	6	811.349
126	3.260883	6	811.309
127	3.262185	6	811.269
128	3.263925	6	811.229
129	3.26616	6	811.189
130	3.268933	6	811.149
131	3.272269	6	811.109
132	3.276159	6	811.069
133	3.280544	6	811.029
134	3.285299	6	810.989
135	3.290227	6	810.949
136	3.295061	6	810.909
137	3.299484	6	810.869
138	3.303178	6	810.829
139	3.305885	6	810.789
140	3.307466	6	810.749
141	3.307941	6	810.709
142	3.307493	6	810.669
143	3.306418	6	810.629
144	3.305055	6	810.589
145	3.303706	6	810.549
146	3.302581	6	810.509
147	3.301769	6	810.469
148	3.301256	6	810.429
149	3.300957	6	810.389
150	3.300759	6	810.349
151	3.300565	6	810.309
152	3.300315	6	810.269
153	3.299991	6	810.229
154	3.299606	6	810.189
155	3.299192	6	810.149
156	3.298777	6	810.109
157	3.29838	6	810.069
158	3.298008	6	810.029
159	3.297659	6	809.989
160	3.297326	6	809.949
161	3.297003	6	809.909
162	3.296685	6	809.869
163	3.296373	6	809.829
164	3.296067	6	809.789
165	3.295771	6	809.749
166	3.295485	6	809.709
167	3.295212	6	809.669
168	3.294951	6	809.629
169	3.294701	6	809.589
170	3.294463	6	809.549
171	3.294234	6	809.509
172	3.294014	6	809.469
173	3.293802	6	809.429
174	3.293599	6	809.389
175	3.293402	6	809.349
176	3.293211	6	809.309
177	3.293025	6	809.269
178	3.292841	6	809.229
179	3.292659	6	809.189
180	3.292477	6	809.149
181	3.292293	6	809.109
182	3.292106	6	809.069
183	3.291914	6	809.029
184	3.291717	6	808.989
185	3.291513	6	808.949
186	3.291302	6	808.909
187	3.291084	6	808.869
188	3.29086	6	808.829
189	3.290628	6	808.789
190	3.29039	6	808.749
191	3.290146	6	808.709
192	3.289897	6	808.669
193	3.289643	6	808.629
194	3.289384	6	808.589
195	3.289121	1.75	808.549
196	3.288855	1.75633	808.509
197	3.288586	1.76266	808.469
198	3.288313	1.76899	808.429
199	3.288038	1.77532	808.389
200	3.28776	1.78166	808.349
201	3.28748	1.78799	808.309
202	3.287199	1.79432	808.269
203	3.286917	1.80065	808.229
204	3.286633	1.80717	808.189
205	3.286349	1.8135	808.149
206	3.286064	1.81983	808.109
207	3.285779	1.82616	808.069
208	3.285494	1.83249	808.029
209	3.285209	1.83882	807.989
210	3.284924	1.84515	807.949
211	3.284639	1.85148	807.909
212	3.284354	1.85781	807.869
213	3.28407	1.86414	807.829
214	3.283785	1.87048	807.789
215	3.283501	1.87681	807.749
216	3.283217	1.88314	807.709
217	3.282934	1.88947	807.669
218	3.282651	1.8958	807.629
219	3.282368	1.90213	807.589
220	3.282086	1.90846	807.549
221	3.281804	1.91461	807.509
222	3.281522	1.92075	807.469
223	3.281241	1.92708	807.429
224	3.280959	1.93341	807.389
225	3.280676	1.93974	807.349
226	3.280392	1.94608	807.309
227	3.280106	1.95241	807.269
228	3.279817	1.95874	807.229
229	3.279525	1.96507	807.189
230	3.27923	1.9714	807.149
231	3.278931	1.97773	807.109
232	3.278627	1.98406	807.069
233	3.278318	1.99039	807.029
234	3.278005	1.99672	806.989
235	3.277689	2.00306	806.949
236	3.277368	2.00939	806.909
237	3.277044	2.01572	806.869
238	3.276719	2.02	806.829
239	3.276391	2.02	806.789
240	3.276062	2.03276	806.749
241	3.275733	2.04464	806.709
242	3.275404	2.05608	806.669
243	3.275075	2.07104	806.629
244	3.274746	2.086	806.589
245	3.274417	2.10096	806.549
246	3.274087	2.11592	806.509
247	3.273757	2.13	806.469
248	3.273425	2.13	806.429
249	3.273092	1.56	806.389
250	3.272756	1.56	806.349
251	3.272419	1.54973	806.309
252	3.27208	1.53387	806.269
253	3.271739	1.518	806.229
254	3.271397	1.50213	806.189
255	3.271053	1.48627	806.149
256	3.270709	1.4704	806.109
257	3.270365	1.45453	806.069
258	3.270021	1.43867	806.029
259	3.269677	1.4228	805.989
260	3.269333	1.42	805.949
261	3.268988	1.4176	805.909
262	3.268643	1.4108	805.869
263	3.268295	1.404	805.829
264	3.267946	1.3972	805.789
265	3.267593	1.3904	805.749
266	3.267238	1.39	805.709
267	3.266879	1.4092	805.669
268	3.266517	1.45	805.629
269	3.266154	1.4908	805.589
270	3.265788	1.5316	805.549
271	3.265422	1.5724	805.509
272	3.265057	1.6	805.469
273	3.264692	1.6	805.429
274	3.264328	1.60773	805.389
275	3.263966	1.6168	805.349
276	3.263605	1.62587	805.309
277	3.263244	1.6344	805.269
278	3.262882	1.64293	805.229
279	3.26252	1.652	805.189
280	3.262156	1.66107	805.149
281	3.26179	1.67013	805.109
282	3.261422	1.6792	805.069
283	3.261051	1.68827	805.029
284	3.260679	1.69733	804.989
285	3.260305	1.7	804.949
286	3.25993	1.70107	804.909
287	3.259555	1.7056	804.869
288	3.259179	1.71013	804.829
289	3.258803	1.71467	804.789
290	3.258428	1.7192	804.749
291	3.258053	1.72373	804.709
292	3.257678	1.72827	804.669
293	3.257304	1.7328	804.629
294	3.25693	1.73733	804.589
295	3.256556	1.7424	804.549
296	3.256182	1.74733	804.509
297	3.255808	1.75	804.469
298	3.255435	1.75	804.429
299	3.255061	1.74915	804.389
300	3.254688	1.74824	804.349
301	3.254317	1.74733	804.309
302	3.253947	1.74643	804.269
303	3.253578	1.74552	804.229
304	3.253212	1.74461	804.189
305	3.252848	1.74371	804.149
306	3.252486	1.7428	804.109
307	3.252125	1.74189	804.069
308	3.251764	1.74099	804.029
309	3.251402	1.74008	803.989
310	3.251039	1.74	803.949
311	3.250674	1.738	803.909
312	3.250307	1.73347	803.869
313	3.249938	1.73	803.829
314	3.249566	1.73	803.789
315	3.249194	1.7196	803.749
316	3.248821	1.706	803.709
317	3.248448	1.6924	803.669
318	3.248076	1.68	803.629
319	3.247705	1.68	803.589
320	3.247336	1.7164	803.549
321	3.246968	1.77187	803.509
322	3.246601	1.81	803.469
323	3.246234	1.81	803.429
324	3.245869	1.741	803.389
325	3.245503	1.6628	803.349
326	3.245137	1.5846	803.309
327	3.24477	1.58	803.269
328	3.244403	1.58	803.229
329	3.244034	1.58	803.189
330	3.243666	1.58	803.149
331	3.243298	1.58	803.109
332	3.24293	1.58	803.069
333	3.242564	1.58	803.029
334	3.2422	1.58	802.989
335	3.241837	1.58	802.949
336	3.241477	1.58	802.909
337	3.241119	1.58	802.869
338	3.240761	1.58	802.829
339	3.240404	1.58	802.789
340	3.240046	1.58	802.749
341	3.239686	1.58	802.709
342	3.239325	1.58	802.669
343	3.238961	1.58	802.629
344	3.238594	1.58	802.589
345	3.238225	1.58	802.549
346	3.237853	1.58	802.509
347	3.237478	1.63557	802.469
348	3.237102	1.70555	802.429
349	3.236723	1.77552	802.389
350	3.236342	1.8455	802.349
351	3.235958	1.91548	802.309
352	3.235574	1.98546	802.269
353	3.235187	2.05543	802.229
354	3.2348	2.12541	802.189
355	3.234413	2.19539	802.149
356	3.234027	2.26537	802.109
357	3.233641	2.33534	802.069
358	3.233257	2.40532	802.029
359	3.232874	2.4753	801.989
360	3.232491	2.54528	801.949
361	3.232107	2.61525	801.909
362	3.231721	2.68523	801.869
363	3.231333	2.75521	801.829
364	3.230942	2.82518	801.789
365	3.230549	2.89516	801.749
366	3.230153	2.96514	801.709
367	3.229756	3.031	801.669
368	3.229358	3.031	801.629
369	3.228962	3.03952	801.589
370	3.228569	3.054	801.549
371	3.228179	3.06848	801.509
372	3.227792	3.08296	801.469
373	3.227409	3.09744	801.429
374	3.227027	3.11192	801.389
375	3.226647	3.1264	801.349
376	3.226266	3.14088	801.309
377	3.225883	3.15536	801.269
378	3.225497	3.16984	801.229
379	3.225106	3.18432	801.189
380	3.224709	3.1988	801.149
381	3.224304	3.21328	801.109
382	3.223892	3.22776	801.069
383	3.223472	3.24224	801.029
384	3.223044	3.25672	800.989
385	3.222611	3.258	800.949
386	3.222175	3.258	800.909
387	3.221738	3.258	800.869
388	3.221303	3.258	800.829
389	3.220872	3.258	800.789
390	3.220445	3.258	800.749
391	3.220023	3.258	800.709
392	3.219606	3.258	800.669
393	3.219191	3.258	800.629
394	3.218777	3.258	800.589
395	3.218364	3.258	800.549
396	3.217949	3.258	800.509
397	3.217533	3.258	800.469
398	3.217115	3.258	800.429
399	3.216695	3.258	800.389
400	3.216274	3.258	800.349
401	3.215852	3.258	800.309
402	3.215428	3.258	800.269
403	3.215004	3.258	800.229
404	3.214578	3.258	800.189
405	3.214151	3.258	800.149
406	3.213723	3.258	800.109
407	3.213296	3.258	800.069
408	3.212868	3.258	800.029
409	3.21244	3.258	799.989
410	3.212013	3.258	799.949
411	3.211586	3.258	799.909
412	3.211158	3.258	799.869
413	3.210729	3.258	799.829
414	3.210296	3.258	799.789
415	3.20986	3.258	799.749
416	3.209418	3.258	799.709
417	3.208971	3.258	799.669
418	3.208517	3.258	799.629
419	3.208057	3.258	799.589
420	3.207591	3.258	799.549
421	3.207122	3.258	799.509
422	3.206652	3.258	799.469
423	3.206183	3.258	799.429
424	3.205717	3.258	799.389
425	3.205256	3.258	799.349
426	3.204803	3.25818	799.309
427	3.204358	3.25896	799.269
428	3.20392	3.25974	799.229
429	3.203488	3.26051	799.189
430	3.203061	3.26129	799.149
431	3.202635	3.26207	799.109
432	3.20221	3.26285	799.069
433	3.201782	3.26362	799.029
434	3.201351	3.2644	798.989
435	3.200916	3.26518	798.949
436	3.200476	3.26595	798.909
437	3.200032	3.266	798.869
438	3.199583	3.266	798.829
439	3.199132	3.266	798.789
440	3.198679	3.266	798.749
441	3.198224	3.266	798.709
442	3.197767	3.266	798.669
443	3.19731	3.266	798.629
444	3.196853	3.266	798.589
445	3.196398	3.266	798.549
446	3.195945	3.266	798.509
447	3.195495	3.266	798.469
448	3.195048	3.266	798.429
449	3.194603	3.266	798.389
450	3.19416	3.266	798.349
451	3.193715	3.266	798.309
452	3.193268	3.266	798.269
453	3.192818	3.266	798.229
454	3.192364	3.266	798.189
455	3.191909	3.266	798.149
456	3.191454	3.266	798.109
457	3.191002	3.266	798.069
458	3.190553	3.266	798.029
459	3.190106	3.266	797.989
460	3.189657	3.266	797.949
461	3.189207	3.266	797.909
462	3.188752	3.266	797.869
463	3.188295	3.266	797.829
464	3.187836	3.266	797.789
465	3.187378	3.266	797.749
466	3.186922	3.266	797.709
467	3.186467	3.266	797.669
468	3.18601	3.266	797.629
469	3.185546	3.266	797.589
470	3.185072	3.266	797.549
471	3.184581	3.266	797.509
472	3.18407	3.266	797.469
473	3.183537	3.266	797.429
474	3.182976	3.21238	797.389
475	3.18238	3.2	797.349
476	3.181742	3.2	797.309
477	3.181047	3.2	797.269
478	3.18028	3.2	797.229
479	3.179421	3.2	797.189
480	3.178447	3.2	797.149
481	3.177331	3.2	797.109
482	3.176046	3.2	797.069
483	3.174564	3.2	797.029
484	3.172858	3.2	796.989
485	3.170906	3.2	796.949
486	3.168694	3.2	796.909
487	3.166213	3.2	796.869
488	3.163466	3.2	796.829
489	3.160461	3.2	796.789
490	3.157218	3.2	796.749
491	3.153762	3.2	796.709
492	3.150125	3.2	796.669
493	3.146345	3.2	796.629
494	3.142468	3.2	796.589
495	3.138539	3.2	796.549
496	3.134605	3.2	796.509
497	3.130709	3.2	796.469
498	3.126892	3.2	796.429
499	3.123185	3.2	796.389
500	3.119619	3.2	796.349
501	3.116215	3.2	796.309
502	3.112992	3.2	796.269
503	3.109958	3.2	796.229
504	3.107113	3.2	796.189
505	3.104443	3.2	796.149
506	3.101925	3.2	796.109
507	3.099529	3.2	796.069
508	3.097228	3.2	796.029
509	3.094999	3.2	795.989
510	3.092825	3.2	795.949
511	3.090692	3.2	795.909
512	3.088587	3.2	795.869
513	3.086493	3.2	795.829
514	3.084389	3.2	795.789
515	3.082254	3.2	795.749
516	3.080071	3.2	795.709
517	3.077831	3.2	795.669
518	3.075531	3.2	795.629
519	3.073178	3.2	795.589
520	3.070782	3.2	795.549
521	3.068355	3.2	795.509
522	3.065914	3.2	795.469
523	3.063478	3.2	795.429
524	3.06107	3.2	795.389
525	3.058712	3.2	795.349
526	3.056423	3.2	795.309
527	3.054213	3.2	795.269
528	3.05209	3.2	795.229
529	3.050061	3.2	795.189
530	3.048134	3.2	795.149
531	3.046319	3.2	795.109
532	3.044627	3.2	795.069
533	3.043064	3.2	795.029
534	3.041632	3.2	794.989
535	3.04033	3.2	794.949
536	3.039156	3.2	794.909
537	3.03811	3.2	794.869
538	3.037189	3.2	794.829
539	3.03639	3.2	794.789
540	3.035704	3.2	794.749
541	3.035119	3.2	794.709
542	3.034621	3.2	794.669
543	3.034195	3.2	794.629
544	3.033828	3.2	794.589
545	3.033505	3.2	794.549
546	3.033215	3.2	794.509
547	3.032953	3.2	794.469
548	3.032717	3.2	794.429
549	3.03251	3.2	794.389
550	3.032343	3.2	794.349
551	3.032228	3.2	794.309
552	3.032172	3.2	794.269
553	3.032174	3.2	794.229
554	3.032221	3.2	794.189
555	3.032294	3.2	794.149
556	3.032367	3.2	794.109
557	3.032424	3.2	794.069
558	3.032458	3.2	794.029
559	3.032477	3.2	793.989
560	3.032496	3.2	793.949
561	3.03253	3.2	793.909
562	3.032587	3.2	793.869
563	3.032668	3.2	793.829
564	3.032771	3.2	793.789
565	3.032897	3.2	793.749
566	3.033048	3.2	793.709
567	3.033225	3.2	793.669
568	3.033428	3.2	793.629
569	3.033646	3.2	793.589
570	3.033869	3.2	793.549
571	3.034083	3.2	793.509
572	3.034282	3.2	793.469
573	3.034466	3.2	793.429
574	3.034643	3.2	793.389
575	3.034821	3.2	793.349
576	3.035007	3.2	793.309
577	3.035202	3.2	793.269
578	3.0354	3.2	793.229
579	3.035592	3.2	793.189
580	3.035771	3.2	793.149
581	3.035939	3.2	793.109
582	3.036107	3.2	793.069
583	3.036291	3.2	793.029
584	3.036505	3.2	792.989
585	3.036749	3.2	792.949
586	3.037007	3.2	792.909
587	3.037253	3.2	792.869
588	3.03746	3.2	792.829
589	3.037609	3.2	792.789
590	3.037696	3.2	792.749
591	3.03773	3.2	792.709
592	3.037735	3.2	792.669
593	3.037738	3.2	792.629
594	3.037767	3.2	792.589
595	3.037845	3.2	792.549
596	3.03798	3.2	792.509
597	3.038163	3.2	792.469
598	3.038374	3.2	792.429
599	3.038585	3.2	792.389
600	3.038773	3.2	792.349
601	3.038922	3.2	792.309
602	3.039031	3.2	792.269
603	3.039107	3.2	792.229
604	3.039165	3.2	792.189
605	3.039219	3.2	792.149
606	3.039282	3.184	792.109
607	3.039361	3.167	792.069
608	3.039453	3.1515	792.029
609	3.03955	3.1375	791.989
610	3.039637	3.1205	791.949
611	3.039706	3.1035	791.909
612	3.039753	3.0865	791.869
613	3.039786	3.0695	791.829
614	3.039813	3.0525	791.789
615	3.039837	3.0355	791.749
616	3.039853	3.0185	791.709
617	3.039852	3.0015	791.669
618	3.039829	2.9845	791.629
619	3.039793	2.9675	791.589
620	3.039757	2.9505	791.549
621	3.039737	2.9335	791.509
622	3.039738	2.9165	791.469
623	3.03976	2.8995	791.429
624	3.039794	2.8825	791.389
625	3.039829	2.8655	791.349
626	3.039862	2.8485	791.309
627	3.03989	2.8315	791.269
628	3.039917	2.8145	791.229
629	3.039947	2.8	791.189
630	3.039979	2.8	791.149
631	3.040009	2.8	791.109
632	3.040024	2.8	791.069
633	3.040011	2.8	791.029
634	3.039952	2.8	790.989
635	3.039835	2.8	790.949
636	3.039657	2.8	790.909
637	3.039431	2.8	790.869
638	3.03919	2.8	790.829
639	3.038981	2.8	790.789
640	3.038848	2.8	790.749
641	3.038811	2.8	790.709
642	3.038854	2.8	790.669
643	3.038933	2.8	790.629
644	3.038996	2.8	790.589
645	3.039008	2.8	790.549
646	3.038959	2.8	790.509
647	3.038865	2.8	790.469
648	3.038747	2.8	790.429
649	3.038628	2.8	790.389
650	3.038521	2.8	790.349
651	3.038437	2.8	790.309
652	3.038378	2.8	790.269
653	3.038342	2.8	790.229
654	3.038323	2.8	790.189
655	3.038305	2.8	790.149
656	3.03827	2.8	790.109
657	3.0382	2.8	790.069
658	3.038088	2.8	790.029
659	3.037944	2.8	789.989
660	3.037797	2.8	789.949
661	3.037677	2.8	789.909
662	3.037604	2.8	789.869
663	3.037574	2.8	789.829
664	3.03756	2.8	789.789
665	3.037525	2.8	789.749
666	3.037439	2.8	789.709
667	3.037289	2.8	789.669
668	3.037082	2.8	789.629
669	3.036838	2.8	789.589
670	3.036589	2.8	789.549
671	3.036358	2.8	789.509
672	3.036163	2.8	789.469
673	3.036004	2.8	789.429
674	3.035869	2.8	789.389
675	3.03574	2.8	789.349
676	3.035603	2.8	789.309
677	3.035449	2.8	789.269
678	3.035282	2.8	789.229
679	3.03511	2.8	789.189
680	3.034945	2.8	789.149
681	3.03479	2.8	789.109
682	3.034653	2.8	789.069
683	3.034531	2.8	789.029
684	3.03443	2.8	788.989
685	3.034347	2.8	788.949
686	3.034289	2.8	788.909
687	3.034249	2.8	788.869
688	3.034227	2.8	788.829
689	3.0342	2.8	788.789
690	3.034158	2.8	788.749
691	3.034074	2.8	788.709
692	3.03395	2.8	788.669
693	3.033778	2.8	788.629
694	3.033581	2.8	788.589
695	3.033366	2.8	788.549
696	3.033172	2.8	788.509
697	3.033001	2.8	788.469
698	3.032888	2.8	788.429
699	3.032807	2.8	788.389
700	3.03277	2.8	788.349
701	3.032733	2.8	788.309
702	3.032713	2.8	788.269
703	3.032676	2.8	788.229
704	3.032663	2.8	788.189
705	3.032642	2.8	788.149
706	3.032661	2.8	788.109
707	3.032672	2.8	788.069
708	3.032723	2.8	788.029
709	3.032753	2.8	787.989
710	3.032828	2.8	787.949
711	3.032878	2.8	787.909
712	3.032981	2.8	787.869
713	3.03305	2.8	787.829
714	3.033175	2.8	787.789
715	3.033257	2.8	787.749
716	3.033404	2.8	787.709
717	3.033504	2.8	787.669
718	3.033684	2.8	787.629
719	3.03381	2.8	787.589
720	3.034027	2.8	787.549
721	3.034187	2.8	787.509
722	3.034455	2.8	787.469
723	3.034661	2.8	787.429
724	3.034992	2.8	787.389
725	3.035254	2.8	787.349
726	3.035657	2.8	787.309
727	3.035982	2.8	787.269
728	3.036458	2.8	787.229
729	3.036839	2.8	787.189
730	3.037372	2.8	787.149
731	3.037785	2.8	787.109
732	3.038352	2.8	787.069
733	3.038775	2.8	787.029
734	3.039354	2.8	786.989
735	3.039765	2.8	786.949
736	3.040344	2.8	786.909
737	3.040737	2.8	786.869
738	3.041318	2.8	786.829
739	3.041701	2.8	786.789
740	3.042299	2.8	786.749
741	3.04268	2.8	786.709
742	3.043295	2.8	786.669
743	3.043664	2.8	786.629
744	3.044289	2.8	786.589
745	3.044636	2.8	786.549
746	3.045266	2.8	786.509
747	3.045588	2.8	786.469
748	3.046225	2.8	786.429
749	3.046519	2.8	786.389
750	3.047165	2.8	786.349
751	3.047427	2.8	786.309
752	3.048075	2.8	786.269
753	3.048289	2.8	786.229
754	3.048932	2.8	786.189
755	3.049093	2.8	786.149
756	3.049737	2.8	786.109
757	3.049845	2.8	786.069
758	3.05049	2.8	786.029
759	3.050534	2.8	785.989
760	3.051166	2.8	785.949
761	3.051126	2.8	785.909
762	3.051742	2.8	785.869
763	3.051622	2.8	785.829
764	3.052231	2.8	785.789
765	3.052029	2.8	785.749
766	3.052612	2.8	785.709
767	3.052304	2.8	785.669
768	3.052838	2.8	785.629
769	3.052422	2.8	785.589
770	3.052893	2.8	785.549
771	3.052375	2.8	785.509
772	3.052746	2.8	785.469
773	3.05213	2.8	785.429
774	3.052358	2.8	785.389
775	3.051692	2.8	785.349
776	3.051753	2.8	785.309
777	3.051123	2.8	785.269
778	3.050991	2.8	785.229
779	3.050522	2.8	785.189
780	3.050198	2.8	785.149
781	3.050045	2.8	785.109
782	3.04951	2.8	785.069
783	3.049767	2.8	785.029
784	3.048953	2.8	784.989
785	3.049664	2.8	784.949
786	3.048491	2.8	784.909
787	3.049605	2.8	784.869
788	3.04797	2.8	784.829
789	3.049442	2.8	784.789
790	3.047382	2.8	784.749
791	3.04928	2.8	784.709
792	3.046849	2.8	784.669
793	3.049238	2.8	784.629
794	3.046409	2.8	784.589
795	3.049382	2.8	784.549
796	3.045982	2.8	784.509
797	3.049532	2.8	784.469
798	3.045304	2.8	784.429
799	3.049614	2.8	784.389
800	3.044534	2.8	784.349
801	3.050053	2.8	784.309
802	3.043933	2.8	784.269
803	3.05091	2.8	784.229
804	3.04313	2.8	784.189
805	3.051728	2.8	784.149
806	3.041864	2.8	784.109
807	3.052785	2.8	784.069
808	3.040668	2.8	784.029
809	3.054557	2.8	783.989
810	3.039423	2.8	783.949
811	3.056417	2.8	783.909
812	3.037599	2.8	783.869
813	3.058147	2.8	783.829
814	3.035398	2.8	783.789
815	3.059936	2.8	783.749
816	3.032545	2.8	783.709
817	3.061246	2.8	783.669
818	3.028826	2.8	783.629
819	3.062395	2.8	783.589
820	3.025123	2.8	783.549
821	3.064448	2.8	783.509
822	3.022718	2.8	783.469
823	3.068966	2.8	783.429
824	3.023007	2.8	783.389
825	3.076873	2.8	783.349
826	3.025366	2.8	783.309
827	3.086562	2.8	783.269
828	3.026576	2.8	783.229
829	3.093664	2.8	783.189
830	3.020015	2.8	783.149
831	3.090254	2.8	783.109
832	2.999997	2.8	783.069
833	3.072365	2.8	783.029
834	2.967173	2.8	782.989
835	3.042131	2.8	782.949
836	2.929573	2.8	782.909
837	3.008886	2.8	782.869
838	2.897323	2.8	782.829
839	2.980514	2.8	782.789
840	2.875082	2.8	782.749
841	2.960259	2.8	782.709
842	2.862977	2.8	782.669
843	2.947374	2.8	782.629
844	2.858153	2.8	782.589
845	2.939625	2.8	782.549
846	2.858358	2.8	782.509
847	2.935061	2.8	782.469
848	2.861568	2.8	782.429
849	2.932242	2.8	782.389
850	2.866805	2.8	782.349
851	2.93025	2.8	782.309
852	2.873269	2.8	782.269
853	2.928646	2.8	782.229
854	2.880558	2.8	782.189
855	2.927157	2.8	782.149
856	2.888264	2.8	782.109
857	2.886813	2.8	782.069
858	2.885355	2.8	782.029
859	2.883888	2.8	781.989
860	2.882414	2.8	781.949
861	2.880933	2.8	781.909
862	2.879446	2.8	781.869
863	2.877953	2.8	781.829
864	2.876456	2.8	781.789
865	2.874954	2.8	781.749
866	2.87345	2.8	781.709
867	2.871942	2.8	781.669
868	2.870433	2.8	781.629
869	2.868923	2.8	781.589
870	2.867412	2.8	781.549
871	2.865901	2.8	781.509
872	2.864388	2.8	781.469
873	2.862876	2.8	781.429
874	2.861363	2.8	781.389
875	2.859849	2.8	781.349
876	2.858334	2.8	781.309
877	2.856817	2.8	781.269
878	2.855299	2.8	781.229
879	2.853778	2.8	781.189
880	2.852255	2.8	781.149
881	2.850728	2.8	781.109
882	2.849199	2.8	781.069
883	2.847665	2.8	781.029
884	2.846128	2.8	780.989
885	2.844587	2.8	780.949
886	2.843043	2.8	780.909
887	2.841494	2.8	780.869
888	2.839941	2.8	780.829
889	2.838384	2.8	780.789
890	2.836823	2.8	780.749
891	2.835259	2.8	780.709
892	2.833691	2.8	780.669
893	2.832119	2.8	780.629
894	2.830544	2.8	780.589
895	2.828966	2.8	780.549
896	2.827384	2.8	780.509
897	2.825799	2.8	780.469
898	2.824211	2.8	780.429
899	2.82262	2.8	780.389
900	2.821025	2.8	780.349
901	2.819428	2.8	780.309
902	2.817827	2.8	780.269
903	2.816223	2.8	780.229
904	2.814615	2.8	780.189
905	2.813004	2.8	780.149
906	2.811389	2.8	780.109
907	2.80977	2.8	780.069
908	2.808146	2.8	780.029
909	2.806517	2.8	779.989
910	2.804884	2.8	779.949
911	2.803244	2.8	779.909
912	2.801598	2.8	779.869
913	2.799946	2.8	779.829
914	2.798287	2.8	779.789
915	2.796621	2.8	779.749
916	2.794946	2.8	779.709
917	2.793263	2.8	779.669
918	2.791572	2.8	779.629
919	2.789871	2.8	779.589
920	2.788162	2.8	779.549
921	2.786442	2.8	779.509
922	2.784713	2.8	779.469
923	2.782973	2.8	779.429
924	2.781223	2.8	779.389
925	2.779463	2.8	779.349
926	2.777693	2.8	779.309
927	2.775911	2.8	779.269
928	2.77412	2.8	779.229
929	2.772318	2.8	779.189
930	2.770505	2.8	779.149
931	2.768683	2.8	779.109
932	2.76685	2.8	779.069
933	2.765007	2.8	779.029
934	2.763155	2.8	778.989
935	2.761293	2.8	778.949
936	2.759421	2.8	778.909
937	2.75754	2.8	778.869
938	2.75565	2.8	778.829
939	2.75375	2.8	778.789
940	2.751841	2.8	778.749
941	2.749923	2.8	778.709
942	2.747995	2.8	778.669
943	2.746058	2.8	778.629
944	2.744112	2.8	778.589
945	2.742155	2.8	778.549
946	2.740188	2.8	778.509
947	2.738212	2.8	778.469
948	2.736224	2.8	778.429
949	2.734225	2.8	778.389
950	2.732215	2.8	778.349
951	2.730194	2.8	778.309
952	2.72816	2.8	778.269
953	2.726112	2.8	778.229
954	2.724052	2.8	778.189
955	2.721977	2.8	778.149
956	2.719887	2.8	778.109
957	2.717782	2.8	778.069
958	2.71566	2.8	778.029
959	2.71352	2.8	777.989
960	2.711361	2.8	777.949
961	2.709182	2.8	777.909
962	2.706982	2.8	777.869
963	2.70476	2.8	777.829
964	2.702513	2.8	777.789
965	2.700241	2.8	777.749
966	2.697943	2.8	777.709
967	2.695616	2.8	777.669
968	2.69326	2.8	777.629
969	2.690874	2.8	777.589
970	2.688457	2.8	777.549
971	2.686008	2.8	777.509
972	2.683528	2.8	777.469
973	2.681015	2.8	777.429
974	2.67847	2.8	777.389
975	2.675894	2.8	777.349
976	2.673288	2.8	777.309
977	2.670651	2.8	777.269
978	2.667986	2.8	777.229
979	2.665294	2.8	777.189
980	2.662574	2.8	777.149
981	2.659828	2.8	777.109
982	2.657057	2.8	777.069
983	2.65426	2.8	777.029
984	2.651438	2.8	776.989
985	2.64859	2.8	776.949
986	2.645716	2.8	776.909
987	2.642814	2.8	776.869
988	2.639884	2.8	776.829
989	2.636923	2.8	776.789
990	2.633933	2.8	776.749
991	2.630909	2.8	776.709
992	2.627854	2.8	776.669
993	2.624759	2.8	776.629
994	2.621636	2.8	776.589
995	2.618463	2.8	776.549
996	2.615273	2.8	776.509
997	2.612009	2.8	776.469
998	2.608762	2.8	776.429
999	2.605378	2.8	776.389
1000	2.60211	2.8	776.349
1001	2.6	2.8	776.309
