0	396536.770531994	3511281.62337012	61.106	Q20220720101510	 
1	396612.193974609	3511346.85445078	61.1011967863617	Q20220720101510	 
2	396678.094869127	3511403.84981477	61.097	Q20220720101510	 
3	396690.636058946	3511404.95639026	61.0965493375514	Q20220720101510	 
4	396789.968685135	3511413.72103309	61.0929798608753	Q20220720101510	 
5	396872.893279771	3511421.03790855	61.09	Q20220720101510	 
6	396888.500163997	3511415.77058551	61.0882634395503	Q20220720101510	 
7	396982.982722232	3511383.88272448	61.0777504715903	Q20220720101510	 
8	397025.676346943	3511369.47362721	61.073	Q20220720101510	 
9	397073.442636527	3511342.90329732	61.0724941389048	Q20220720101510	 
10	397160.586374197	3511294.4289888	61.0715712573714	Q20220720101510	 
11	397247.730111867	3511245.95468028	61.070648375838	Q20220720101510	 
12	397334.873849538	3511197.48037176	61.0697254943046	Q20220720101510	 
13	397422.017587208	3511149.00606324	61.0688026127711	Q20220720101510	 
14	397509.161324878	3511100.53175472	61.0678797312377	Q20220720101510	 
15	397596.305062548	3511052.0574462	61.0669568497043	Q20220720101510	 
16	397683.448800219	3511003.58313768	61.0660339681709	Q20220720101510	 
17	397770.592537889	3510955.10882916	61.0651110866375	Q20220720101510	 
18	397857.736275559	3510906.63452064	61.0641882051041	Q20220720101510	 
19	397944.880013229	3510858.16021212	61.0632653235706	Q20220720101510	 
20	398032.0237509	3510809.6859036	61.0623424420372	Q20220720101510	 
21	398119.16748857	3510761.21159508	61.0614195605038	Q20220720101510	 
22	398206.31122624	3510712.73728656	61.0604966789704	Q20220720101510	 
23	398253.210487235	3510686.64924733	61.06	Q20220720101510	 
24	398299.078667977	3510682.54164892	61.0357809349206	Q20220720101510	 
25	398398.399743569	3510673.64722396	60.9833379656429	Q20220720101510	 
26	398433.129784543	3510670.53707093	60.965	Q20220720101510	 
27	398497.057258901	3510681.43379987	60.9587780034349	Q20220720101510	 
28	398595.357983618	3510698.18960576	60.9492104931012	Q20220720101510	 
29	398669.441697426	3510710.81751193	60.942	Q20220720101510	 
30	398689.612216672	3510724.84082577	60.9407838874871	Q20220720101510	 
31	398771.487583836	3510781.76370192	60.9358474920828	Q20220720101510	 
32	398853.362951	3510838.68657808	60.9309110966785	Q20220720101510	 
33	398935.238318164	3510895.60945423	60.9259747012742	Q20220720101510	 
34	398951.404775298	3510906.84899146	60.925	Q20220720101510	 
35	398980.942802726	3510981.22730308	60.9200054303528	Q20220720101510	 
36	399017.748113299	3511073.90501711	60.9137820395904	Q20220720101510	 
37	399054.553423871	3511166.58273114	60.9075586488281	Q20220720101510	 
38	399063.77131752	3511189.79387372	60.906	Q20220720101510	 
39	399060.72307895	3511264.47572145	60.9039648142292	Q20220720101510	 
40	399056.656320269	3511364.11131282	60.9012496037193	Q20220720101510	 
41	399054.784702302	3511409.9659547	60.9	Q20220720101510	 
42	399029.56307125	3511457.51675343	60.8935490711026	Q20220720101510	 
43	398982.837006562	3511545.61025113	60.8815979597592	Q20220720101510	 
44	398964.860053711	3511579.50252658	60.877	Q20220720101510	 
45	398926.256376071	3511627.18942261	60.8765663695569	Q20220720101510	 
46	398875.835682253	3511689.47380925	60.876	Q20220720101510	 
47	398859.993088721	3511700.98616503	60.8729059848499	Q20220720101510	 
48	398779.324021123	3511759.60604977	60.8571515367674	Q20220720101510	 
49	398752.946094994	3511778.77412789	60.852	Q20220720101510	 
50	398707.023610541	3511827.71387268	60.8506464835515	Q20220720101510	 
51	398638.789200609	3511900.43151084	60.8486353468001	Q20220720101510	 
52	398570.554790678	3511973.149149	60.8466242100487	Q20220720101510	 
53	398502.320380746	3512045.86678716	60.8446130732973	Q20220720101510	 
54	398434.085970814	3512118.58442533	60.842601936546	Q20220720101510	 
55	398365.851560883	3512191.30206349	60.8405907997946	Q20220720101510	 
56	398297.617150951	3512264.01970165	60.8385796630432	Q20220720101510	 
57	398229.38274102	3512336.73733981	60.8365685262918	Q20220720101510	 
58	398161.148331088	3512409.45497797	60.8345573895405	Q20220720101510	 
59	398092.913921157	3512482.17261613	60.8325462527891	Q20220720101510	 
60	398074.380503818	3512501.92374078	60.832	Q20220720101510	 
61	398051.016289316	3512570.69694554	60.8291827450549	Q20220720101510	 
62	398018.93959815	3512665.11556379	60.8253149404342	Q20220720101510	 
63	397986.862906983	3512759.53418203	60.8214471358135	Q20220720101510	 
64	397954.786215816	3512853.95280028	60.8175793311928	Q20220720101510	 
65	397941.688419033	3512892.50652354	60.816	Q20220720101510	 
66	397950.266423108	3512950.88034276	60.8138443855439	Q20220720101510	 
67	397964.764316505	3513049.5393549	60.8102011291039	Q20220720101510	 
68	397979.262209902	3513148.19836704	60.806557872664	Q20220720101510	 
69	397989.440951315	3513217.46529742	60.804	Q20220720101510	 
70	398003.363021311	3513243.70887704	60.7976439428928	Q20220720101510	 
71	398050.094575898	3513331.79946084	60.7763088663028	Q20220720101510	 
72	398096.826130484	3513419.89004463	60.7549737897127	Q20220720101510	 
73	398143.557685071	3513507.98062843	60.7336387131226	Q20220720101510	 
74	398190.289239658	3513596.07121222	60.7123036365326	Q20220720101510	 
75	398237.020794244	3513684.16179602	60.6909685599425	Q20220720101510	 
76	398283.752348831	3513772.25237981	60.6696334833524	Q20220720101510	 
77	398330.483903417	3513860.3429636	60.6482984067623	Q20220720101510	 
78	398377.215458004	3513948.4335474	60.6269633301722	Q20220720101510	 
79	398423.94701259	3514036.52413119	60.6056282535821	Q20220720101510	 
80	398442.846016846	3514072.14940265	60.597	Q20220720101510	 
81	398489.577572482	3514160.23998843	60.5941141207188	Q20220720101510	 
82	398536.309128119	3514248.3305742	60.5912282414377	Q20220720101510	 
83	398583.040683755	3514336.42115997	60.5883423621565	Q20220720101510	 
84	398629.772239392	3514424.51174575	60.5854564828754	Q20220720101510	 
85	398676.503795028	3514512.60233152	60.5825706035942	Q20220720101510	 
86	398723.235350665	3514600.69291729	60.5796847243131	Q20220720101510	 
87	398769.966906301	3514688.78350307	60.5767988450319	Q20220720101510	 
88	398816.698461938	3514776.87408884	60.5739129657508	Q20220720101510	 
89	398863.430017574	3514864.96467461	60.5710270864696	Q20220720101510	 
90	398910.161573211	3514953.05526039	60.5681412071885	Q20220720101510	 
91	398956.893128847	3515041.14584616	60.5652553279073	Q20220720101510	 
92	399003.624684484	3515129.23643193	60.5623694486262	Q20220720101510	 
93	399050.35624012	3515217.32701771	60.559483569345	Q20220720101510	 
94	399097.087795757	3515305.41760348	60.5565976900638	Q20220720101510	 
95	399143.819351393	3515393.50818926	60.5537118107827	Q20220720101510	 
96	399190.55090703	3515481.59877503	60.5508259315015	Q20220720101510	 
97	399237.282462666	3515569.6893608	60.5479400522204	Q20220720101510	 
98	399268.69807276	3515628.90886373	60.546	Q20220720101510	 
99	399263.734920107	3515661.21187796	60.545132739071	Q20220720101510	 
100	399248.591496955	3515759.77387028	60.5424865784248	Q20220720101510	 
101	399233.448073802	3515858.33586261	60.5398404177787	Q20220720101510	 
102	399218.30465065	3515956.89785493	60.5371942571325	Q20220720101510	 
103	399203.161227498	3516055.45984725	60.5345480964863	Q20220720101510	 
104	399188.017804346	3516154.02183958	60.5319019358401	Q20220720101510	 
105	399172.874381193	3516252.5838319	60.5292557751939	Q20220720101510	 
106	399157.730958041	3516351.14582422	60.5266096145478	Q20220720101510	 
107	399142.587534889	3516449.70781655	60.5239634539016	Q20220720101510	 
108	399127.444111736	3516548.26980887	60.5213172932554	Q20220720101510	 
109	399119.905518336	3516597.33525314	60.52	Q20220720101510	 
110	399119.908400149	3516647.41260831	60.505974322978	Q20220720101510	 
111	399119.914138674	3516747.13115619	60.4780451294182	Q20220720101510	 
112	399119.919877199	3516846.84970406	60.4501159358585	Q20220720101510	 
113	399119.925615724	3516946.56825193	60.4221867422988	Q20220720101510	 
114	399119.926681428	3516965.08702545	60.417	Q20220720101510	 
115	399122.386654824	3517046.24953153	60.4114793499309	Q20220720101510	 
116	399125.407660446	3517145.92231158	60.404699636408	Q20220720101510	 
117	399128.428666069	3517245.59509162	60.3979199228852	Q20220720101510	 
118	399131.449671692	3517345.26787166	60.3911402093624	Q20220720101510	 
119	399134.470677314	3517444.94065171	60.3843604958395	Q20220720101510	 
120	399137.491682937	3517544.61343175	60.3775807823167	Q20220720101510	 
121	399140.512688559	3517644.28621179	60.3708010687939	Q20220720101510	 
122	399143.533694182	3517743.95899183	60.364021355271	Q20220720101510	 
123	399146.554699804	3517843.63177188	60.3572416417482	Q20220720101510	 
124	399149.575705427	3517943.30455192	60.3504619282254	Q20220720101510	 
125	399152.59671105	3518042.97733196	60.3436822147025	Q20220720101510	 
126	399155.617716672	3518142.65011201	60.3369025011797	Q20220720101510	 
127	399157.356651211	3518200.02320608	60.333	Q20220720101510	 
128	399168.491545172	3518240.85115307	60.3276241344773	Q20220720101510	 
129	399194.729230183	3518337.05600392	60.3149567245556	Q20220720101510	 
130	399207.067242733	3518382.295386	60.309	Q20220720101510	 
131	399251.35960772	3518411.08542498	60.3114057123805	Q20220720101510	 
132	399334.967989441	3518465.43087638	60.3159468498671	Q20220720101510	 
133	399372.769214474	3518490.00167414	60.318	Q20220720101510	 
134	399425.863841143	3518502.87745454	60.2954746006408	Q20220720101510	 
135	399522.773497514	3518526.37865482	60.254360671634	Q20220720101510	 
136	399619.683153884	3518549.87985509	60.2132467426273	Q20220720101510	 
137	399648.549955193	3518556.88023569	60.201	Q20220720101510	 
138	399715.115357862	3518535.17412728	60.1952323716482	Q20220720101510	 
139	399809.920760911	3518504.25932358	60.1870178591745	Q20220720101510	 
140	399856.29171228	3518489.13836199	60.183	Q20220720101510	 
141	399899.54647284	3518462.22429018	60.1811908509214	Q20220720101510	 
142	399984.213169094	3518409.54279309	60.1776496297117	Q20220720101510	 
143	400068.879865348	3518356.86129601	60.174108408502	Q20220720101510	 
144	400153.546561603	3518304.17979892	60.1705671872922	Q20220720101510	 
145	400238.213257857	3518251.49830183	60.1670259660825	Q20220720101510	 
146	400262.742976146	3518236.23536682	60.166	Q20220720101510	 
147	400333.435163464	3518231.85135544	60.1629664179281	Q20220720101510	 
148	400432.962511757	3518225.67911711	60.1586954455491	Q20220720101510	 
149	400532.489860051	3518219.50687879	60.15442447317	Q20220720101510	 
150	400632.017208344	3518213.33464046	60.150153500791	Q20220720101510	 
151	400731.544556637	3518207.16240214	60.145882528412	Q20220720101510	 
152	400831.07190493	3518200.99016381	60.1416115560329	Q20220720101510	 
153	400845.323121021	3518200.10636751	60.141	Q20220720101510	 
154	400920.592235456	3518159.67683923	60.1376664557446	Q20220720101510	 
155	401008.44020856	3518112.49079035	60.1337758146989	Q20220720101510	 
156	401096.288181664	3518065.30474147	60.1298851736533	Q20220720101510	 
157	401184.136154768	3518018.11869259	60.1259945326076	Q20220720101510	 
158	401271.984127872	3517970.93264371	60.122103891562	Q20220720101510	 
159	401274.329927198	3517969.67263739	60.122	Q20220720101510	 
160	401371.261319181	3517964.76057387	60.12178246556	Q20220720101510	 
161	401470.8520774	3517959.71374517	60.1215589629425	Q20220720101510	 
162	401570.442835618	3517954.66691648	60.121335460325	Q20220720101510	 
163	401670.033593836	3517949.62008778	60.1211119577075	Q20220720101510	 
164	401769.624352055	3517944.57325909	60.1208884550901	Q20220720101510	 
165	401869.215110273	3517939.52643039	60.1206649524726	Q20220720101510	 
166	401968.805868492	3517934.4796017	60.1204414498551	Q20220720101510	 
167	402068.39662671	3517929.432773	60.1202179472377	Q20220720101510	 
168	402167.987384929	3517924.38594431	60.1199944446202	Q20220720101510	 
169	402267.578143147	3517919.33911561	60.1197709420027	Q20220720101510	 
170	402367.168901366	3517914.29228692	60.1195474393853	Q20220720101510	 
171	402466.759659584	3517909.24545822	60.1193239367678	Q20220720101510	 
172	402566.350417803	3517904.19862953	60.1191004341503	Q20220720101510	 
173	402611.102972802	3517901.93076368	60.119	Q20220720101510	 
174	402660.320651747	3517877.58797736	60.1187070426611	Q20220720101510	 
175	402749.704068347	3517833.3794438	60.1181750076599	Q20220720101510	 
176	402839.087484947	3517789.17091025	60.1176429726588	Q20220720101510	 
177	402928.470901546	3517744.96237669	60.1171109376577	Q20220720101510	 
178	403017.854318146	3517700.75384314	60.1165789026565	Q20220720101510	 
179	403107.237734745	3517656.54530958	60.1160468676554	Q20220720101510	 
180	403196.621151345	3517612.33677602	60.1155148326543	Q20220720101510	 
181	403286.004567945	3517568.12824247	60.1149827976531	Q20220720101510	 
182	403375.387984544	3517523.91970891	60.114450762652	Q20220720101510	 
183	403451.11741179	3517486.46436145	60.114	Q20220720101510	 
184	403465.895358469	3517482.76987498	60.1109322539702	Q20220720101510	 
185	403562.636562107	3517458.58457536	60.0908497993622	Q20220720101510	 
186	403595.633416721	3517450.33536215	60.084	Q20220720101510	 
187	403659.301692645	3517466.57271718	60.084	Q20220720101510	 
188	403709.204788961	3517479.29953097	60.084	Q20220720101510	 
189	403746.871992389	3517509.40222732	60.084	Q20220720101510	 
190	403824.770429718	3517571.65672968	60.084	Q20220720101510	 
191	403902.668867047	3517633.91123204	60.084	Q20220720101510	 
192	403980.567304376	3517696.1657344	60.084	Q20220720101510	 
193	404058.465741705	3517758.42023676	60.084	Q20220720101510	 
194	404136.364179034	3517820.67473912	60.084	Q20220720101510	 
195	404214.262616364	3517882.92924148	60.084	Q20220720101510	 
196	404234.816396644	3517899.35531377	60.084	Q20220720101510	 
197	404304.851377464	3517921.34977011	60.077165783157	Q20220720101510	 
198	404399.988672638	3517951.22759772	60.0678820095704	Q20220720101510	 
199	404495.125967812	3517981.10542534	60.0585982359838	Q20220720101510	 
200	404590.263262986	3518010.98325296	60.0493144623972	Q20220720101510	 
201	404685.40055816	3518040.86108058	60.0400306888106	Q20220720101510	 
202	404736.953530864	3518057.05127002	60.035	Q20220720101510	 
203	404780.709994389	3518043.92433124	60.034765688971	Q20220720101510	 
204	404876.22304473	3518015.27041673	60.0342542271366	Q20220720101510	 
205	404971.736095071	3517986.61650222	60.0337427653022	Q20220720101510	 
206	405067.249145412	3517957.96258771	60.0332313034678	Q20220720101510	 
207	405110.443961276	3517945.00414321	60.033	Q20220720101510	 
208	405164.819862184	3517950.18167529	60.0330888344891	Q20220720101510	 
209	405264.089423029	3517959.63386509	60.0332510122292	Q20220720101510	 
210	405363.358983875	3517969.08605489	60.0334131899693	Q20220720101510	 
211	405462.62854472	3517978.53824469	60.0335753677094	Q20220720101510	 
212	405561.898105565	3517987.99043449	60.0337375454495	Q20220720101510	 
213	405661.167666411	3517997.44262429	60.0338997231896	Q20220720101510	 
214	405722.547452127	3518003.2870481	60.034	Q20220720101510	 
215	405759.144158049	3517992.83084662	60.0329201580446	Q20220720101510	 
216	405855.025933881	3517965.43605409	60.0300910191456	Q20220720101510	 
217	405925.892242018	3517945.1885379	60.028	Q20220720101510	 
218	405948.243039395	3517931.87316953	60.0257081394463	Q20220720101510	 
219	406023.414743292	3517887.0900277	60.018	Q20220720101510	 
220	406032.168717978	3517878.56642095	60.0166677186078	Q20220720101510	 
221	406103.614187661	3517809.00109664	60.0057943184411	Q20220720101510	 
222	406175.059657344	3517739.43577233	59.9949209182744	Q20220720101510	 
223	406181.110702799	3517733.54396504	59.994	Q20220720101510	 
224	406271.949611994	3517742.43441856	59.9932618626627	Q20220720101510	 
225	406371.193983505	3517752.14751925	59.9924554243559	Q20220720101510	 
226	406470.438355016	3517761.86061995	59.9916489860491	Q20220720101510	 
227	406569.682726528	3517771.57372065	59.9908425477423	Q20220720101510	 
228	406668.927098039	3517781.28682134	59.9900361094355	Q20220720101510	 
229	406768.17146955	3517790.99992204	59.9892296711287	Q20220720101510	 
230	406867.415841062	3517800.71302274	59.9884232328218	Q20220720101510	 
231	406966.660212573	3517810.42612343	59.987616794515	Q20220720101510	 
232	407065.904584084	3517820.13922413	59.9868103562082	Q20220720101510	 
233	407165.148955596	3517829.85232482	59.9860039179014	Q20220720101510	 
234	407264.393327107	3517839.56542552	59.9851974795946	Q20220720101510	 
235	407288.696163521	3517841.94395736	59.985	Q20220720101510	 
236	407359.567744442	3517867.38503707	59.976975335612	Q20220720101510	 
237	407421.171948477	3517889.49936618	59.97	Q20220720101510	 
238	407434.075561245	3517921.24225282	59.9564764900445	Q20220720101510	 
239	407471.627477524	3518013.61996462	59.9171205575025	Q20220720101510	 
240	407506.092323449	3518098.40348353	59.881	Q20220720101510	 
241	407513.914844548	3518100.85497139	59.8687365213833	Q20220720101510	 
242	407609.069999331	3518130.675499	59.7195604193045	Q20220720101510	 
243	407704.225154114	3518160.49602662	59.5703843172256	Q20220720101510	 
244	407799.380308898	3518190.31655423	59.4212082151469	Q20220720101510	 
245	407828.217332052	3518199.35374457	59.376	Q20220720101510	 
246	407881.752507619	3518283.48323704	59.4314634070482	Q20220720101510	 
247	407935.287683185	3518367.61272951	59.4869268140964	Q20220720101510	 
248	407988.822858752	3518451.74222198	59.5423902211446	Q20220720101510	 
249	408042.358034318	3518535.87171445	59.5978536281928	Q20220720101510	 
250	408095.893209885	3518620.00120692	59.653317035241	Q20220720101510	 
251	408149.428385451	3518704.13069939	59.7087804422892	Q20220720101510	 
252	408202.963561018	3518788.26019186	59.7642438493375	Q20220720101510	 
253	408256.498736584	3518872.38968433	59.8197072563857	Q20220720101510	 
254	408303.112542796	3518945.64237879	59.868	Q20220720101510	 
255	408309.962054492	3518956.56457315	59.867724638054	Q20220720101510	 
256	408352.861695104	3519024.97210837	59.866	Q20220720101510	 
257	408363.712051126	3519040.53536396	59.8656819887485	Q20220720101510	 
258	408420.741843233	3519122.33629557	59.8640105122069	Q20220720101510	 
259	408477.77163534	3519204.13722718	59.8623390356653	Q20220720101510	 
260	408534.801427446	3519285.93815879	59.8606675591237	Q20220720101510	 
261	408591.831219553	3519367.7390904	59.8589960825821	Q20220720101510	 
262	408625.816968779	3519416.48669836	59.858	Q20220720101510	 
263	408659.008879781	3519439.33067253	59.855839563469	Q20220720101510	 
264	408733.361612501	3519490.50313758	59.851	Q20220720101510	 
265	408741.59178183	3519495.16359492	59.8473126299701	Q20220720101510	 
266	408828.364071253	3519544.29971076	59.8084359645388	Q20220720101510	 
267	408844.961062274	3519553.6980069	59.801	Q20220720101510	 
268	408898.158610133	3519614.30896875	59.7972452758359	Q20220720101510	 
269	408963.937782072	3519689.25488338	59.7926025308915	Q20220720101510	 
270	409029.147194713	3519763.55163916	59.788	Q20220720101510	 
271	409029.730839657	3519764.18834274	59.7879289695466	Q20220720101510	 
272	409097.113120797	3519837.69628601	59.7797284462198	Q20220720101510	 
273	409103.098637333	3519844.22594043	59.779	Q20220720101510	 
274	409146.737313308	3519923.92110734	59.7626909013058	Q20220720101510	 
275	409194.63028539	3520011.38568593	59.7447918429361	Q20220720101510	 
276	409242.523257472	3520098.85026452	59.7268927845663	Q20220720101510	 
277	409252.939281528	3520117.87253678	59.723	Q20220720101510	 
278	409240.111027146	3520194.84205594	59.7114202547357	Q20220720101510	 
279	409223.717396893	3520293.20382835	59.6966221336006	Q20220720101510	 
280	409207.32376664	3520391.56560075	59.6818240124655	Q20220720101510	 
281	409203.087455431	3520416.98346565	59.678	Q20220720101510	 
282	409170.699580339	3520483.46383468	59.6622024492605	Q20220720101510	 
283	409135.431405728	3520555.85639691	59.645	Q20220720101510	 
284	409118.737513952	3520565.32457346	59.6413614101898	Q20220720101510	 
285	409031.998677146	3520614.51973008	59.6224558696485	Q20220720101510	 
286	408945.259840339	3520663.71488669	59.6035503291072	Q20220720101510	 
287	408896.854809407	3520691.16848378	59.593	Q20220720101510	 
288	408853.186991694	3520697.10968292	59.5914983676238	Q20220720101510	 
289	408754.378756302	3520710.55297901	59.5881005874491	Q20220720101510	 
290	408655.57052091	3520723.99627509	59.5847028072743	Q20220720101510	 
291	408556.762285518	3520737.43957118	59.5813050270996	Q20220720101510	 
292	408457.954050127	3520750.88286727	59.5779072469249	Q20220720101510	 
293	408373.410635391	3520762.38537161	59.575	Q20220720101510	 
294	408363.57262864	3520772.89562395	59.5746215128041	Q20220720101510	 
295	408295.427636826	3520845.69706408	59.5719998428334	Q20220720101510	 
296	408227.282645013	3520918.49850422	59.5693781728628	Q20220720101510	 
297	408159.137653199	3520991.29994436	59.5667565028922	Q20220720101510	 
298	408113.480924262	3521040.07646528	59.565	Q20220720101510	 
299	408112.749821798	3521072.97607314	59.5631521457135	Q20220720101510	 
300	408110.534400725	3521172.67001218	59.5575526907483	Q20220720101510	 
301	408108.318979652	3521272.36395121	59.551953235783	Q20220720101510	 
302	408106.35923482	3521360.5524605	59.547	Q20220720101510	 
303	408112.774338292	3521370.10686904	59.5439335014823	Q20220720101510	 
304	408168.36086989	3521452.89531268	59.5173624543458	Q20220720101510	 
305	408223.947401489	3521535.68375633	59.4907914072093	Q20220720101510	 
306	408273.718936717	3521609.81156789	59.467	Q20220720101510	 
307	408284.002991225	3521611.56055659	59.4667249434223	Q20220720101510	 
308	408382.31000374	3521628.27943472	59.4640956311794	Q20220720101510	 
309	408480.617016255	3521644.99831285	59.4614663189365	Q20220720101510	 
310	408578.92402877	3521661.71719098	59.4588370066936	Q20220720101510	 
311	408677.231041285	3521678.43606911	59.4562076944507	Q20220720101510	 
312	408775.5380538	3521695.15494724	59.4535783822079	Q20220720101510	 
313	408797.163110733	3521698.83267767	59.453	Q20220720101510	 
314	408845.863236227	3521759.48323254	59.410336234902	Q20220720101510	 
315	408908.297270544	3521837.2378335	59.3556408732935	Q20220720101510	 
316	408970.731304862	3521914.99243445	59.3009455116849	Q20220720101510	 
317	409033.16533918	3521992.74703541	59.2462501500763	Q20220720101510	 
318	409095.599373498	3522070.50163636	59.1915547884678	Q20220720101510	 
319	409158.033407816	3522148.25623732	59.1368594268592	Q20220720101510	 
320	409220.467442133	3522226.01083827	59.0821640652506	Q20220720101510	 
321	409282.901476451	3522303.76543923	59.0274687036419	Q20220720101510	 
322	409345.335510769	3522381.52004018	58.9727733420333	Q20220720101510	 
323	409363.340572786	3522403.94332946	58.957	Q20220720101510	 
324	409453.745205265	3522446.02410042	58.9297140145504	Q20220720101510	 
325	409544.149837744	3522488.10487137	58.9024280291008	Q20220720101510	 
326	409634.554470223	3522530.18564233	58.8751420436513	Q20220720101510	 
327	409724.959102702	3522572.26641329	58.8478560582017	Q20220720101510	 
328	409815.363735181	3522614.34718424	58.8205700727521	Q20220720101510	 
329	409905.76836766	3522656.4279552	58.7932840873025	Q20220720101510	 
330	409982.913807728	3522692.33695128	58.77	Q20220720101510	 
331	409993.004416611	3522702.92357566	58.7689632372375	Q20220720101510	 
332	410061.804820078	3522775.10594218	58.7618943182865	Q20220720101510	 
333	410130.605223546	3522847.28830869	58.7548253993355	Q20220720101510	 
334	410199.405627013	3522919.4706752	58.7477564803846	Q20220720101510	 
335	410268.20603048	3522991.65304171	58.7406875614336	Q20220720101510	 
336	410337.006433947	3523063.83540822	58.7336186424826	Q20220720101510	 
337	410405.806837415	3523136.01777473	58.7265497235316	Q20220720101510	 
338	410420.889992983	3523151.84236018	58.725	Q20220720101510	 
339	410460.55239041	3523218.83964693	58.7188286800439	Q20220720101510	 
340	410511.351510846	3523304.64896404	58.7109245278487	Q20220720101510	 
341	410562.150631282	3523390.45828115	58.7030203756536	Q20220720101510	 
342	410612.949751718	3523476.26759826	58.6951162234583	Q20220720101510	 
343	410663.748872154	3523562.07691537	58.6872120712632	Q20220720101510	 
344	410684.392502351	3523596.94790909	58.684	Q20220720101510	 
345	410686.226731328	3523656.11463883	58.6740648142557	Q20220720101510	 
346	410689.316623681	3523755.78530597	58.6573282699916	Q20220720101510	 
347	410692.406516035	3523855.45597311	58.6405917257274	Q20220720101510	 
348	410695.496408388	3523955.12664024	58.6238551814632	Q20220720101510	 
349	410698.586300741	3524054.79730738	58.607118637199	Q20220720101510	 
350	410700.269778938	3524109.10126874	58.598	Q20220720101510	 
351	410686.345255422	3524152.3010798	58.5934108068186	Q20220720101510	 
352	410655.753072793	3524247.21107855	58.5833283479279	Q20220720101510	 
353	410625.160890164	3524342.1210773	58.5732458890372	Q20220720101510	 
354	410594.568707536	3524437.03107606	58.5631634301465	Q20220720101510	 
355	410563.976524907	3524531.94107481	58.5530809712557	Q20220720101510	 
356	410533.384342279	3524626.85107356	58.542998512365	Q20220720101510	 
357	410502.79215965	3524721.76107231	58.5329160534743	Q20220720101510	 
358	410472.199977022	3524816.67107106	58.5228335945836	Q20220720101510	 
359	410441.607794393	3524911.58106981	58.5127511356929	Q20220720101510	 
360	410411.015611765	3525006.49106856	58.5026686768021	Q20220720101510	 
361	410390.781521962	3525069.26584541	58.496	Q20220720101510	 
362	410372.104834054	3525097.393126	58.4953908596297	Q20220720101510	 
363	410316.944037857	3525180.46584212	58.4935917896881	Q20220720101510	 
364	410261.783241659	3525263.53855823	58.4917927197466	Q20220720101510	 
365	410206.622445462	3525346.61127434	58.489993649805	Q20220720101510	 
366	410151.461649264	3525429.68399045	58.4881945798634	Q20220720101510	 
367	410096.300853067	3525512.75670656	58.4863955099219	Q20220720101510	 
368	410041.14005687	3525595.82942267	58.4845964399803	Q20220720101510	 
369	409985.979260672	3525678.90213878	58.4827973700388	Q20220720101510	 
370	409930.818464475	3525761.97485489	58.4809983000972	Q20220720101510	 
371	409875.657668277	3525845.04757101	58.4791992301556	Q20220720101510	 
372	409820.49687208	3525928.12028712	58.4774001602141	Q20220720101510	 
373	409765.336075882	3526011.19300323	58.4756010902725	Q20220720101510	 
374	409716.245480694	3526085.12393532	58.474	Q20220720101510	 
375	409706.959273416	3526090.97080683	58.4721796942895	Q20220720101510	 
376	409622.574162232	3526144.10217553	58.4556383125199	Q20220720101510	 
377	409538.189051048	3526197.23354422	58.4390969307503	Q20220720101510	 
378	409501.984379711	3526220.02907905	58.432	Q20220720101510	 
379	409476.161037925	3526270.77129708	58.4277756672722	Q20220720101510	 
380	409430.933024759	3526359.643207	58.4203770053245	Q20220720101510	 
381	409385.705011593	3526448.51511692	58.4129783433769	Q20220720101510	 
382	409340.476998427	3526537.38702684	58.4055796814292	Q20220720101510	 
383	409295.24898526	3526626.25893676	58.3981810194816	Q20220720101510	 
384	409275.803416317	3526664.46899134	58.395	Q20220720101510	 
385	409270.792465733	3526721.09273549	58.3923479003251	Q20220720101510	 
386	409262.002168853	3526820.4230947	58.3876955408367	Q20220720101510	 
387	409253.211871973	3526919.75345392	58.3830431813483	Q20220720101510	 
388	409244.421575093	3527019.08381313	58.3783908218599	Q20220720101510	 
389	409236.125434653	3527112.83020433	58.374	Q20220720101510	 
390	409233.324095288	3527117.68585944	58.3732233795236	Q20220720101510	 
391	409183.492498012	3527204.06063194	58.3594084739501	Q20220720101510	 
392	409133.660900737	3527290.43540445	58.3455935683765	Q20220720101510	 
393	409117.091489663	3527319.15571827	58.341	Q20220720101510	 
394	409119.727270419	3527385.66483275	58.3325309743267	Q20220720101510	 
395	409123.676053712	3527485.30516872	58.3198431409381	Q20220720101510	 
396	409127.624837005	3527584.94550469	58.3071553075495	Q20220720101510	 
397	409131.573620298	3527684.58584066	58.2944674741609	Q20220720101510	 
398	409132.964014292	3527719.66989423	58.29	Q20220720101510	 
399	409093.655104519	3527770.94238755	58.2821390242005	Q20220720101510	 
400	409032.983194196	3527850.07966545	58.2700058864077	Q20220720101510	 
401	408972.311283874	3527929.21694334	58.2578727486149	Q20220720101510	 
402	408911.639373551	3528008.35422124	58.2457396108221	Q20220720101510	 
403	408850.967463229	3528087.49149914	58.2336064730293	Q20220720101510	 
404	408790.295552906	3528166.62877704	58.2214733352365	Q20220720101510	 
405	408767.926582987	3528195.80569564	58.217	Q20220720101510	 
406	408765.056143008	3528258.69379759	58.2138158070442	Q20220720101510	 
407	408760.509362131	3528358.30863766	58.2087720410193	Q20220720101510	 
408	408755.962581253	3528457.92347772	58.2037282749944	Q20220720101510	 
409	408751.415800375	3528557.53831778	58.1986845089694	Q20220720101510	 
410	408746.869019497	3528657.15315784	58.1936407429445	Q20220720101510	 
411	408742.322238619	3528756.7679979	58.1885969769196	Q20220720101510	 
412	408737.775457742	3528856.38283797	58.1835532108947	Q20220720101510	 
413	408733.228676864	3528955.99767803	58.1785094448698	Q20220720101510	 
414	408728.681895986	3529055.61251809	58.1734656788449	Q20220720101510	 
415	408728.26210259	3529064.80971785	58.173	Q20220720101510	 
416	408677.405072398	3529139.68257122	58.1673033582904	Q20220720101510	 
417	408621.374911564	3529222.17142284	58.1610272593911	Q20220720101510	 
418	408565.344750729	3529304.66027445	58.1547511604919	Q20220720101510	 
419	408509.314589895	3529387.14912606	58.1484750615927	Q20220720101510	 
420	408453.28442906	3529469.63797767	58.1421989626934	Q20220720101510	 
421	408442.580634613	3529485.39634242	58.141	Q20220720101510	 
422	408364.265781721	3529504.74113899	58.1336747555903	Q20220720101510	 
423	408267.456922927	3529528.65419775	58.1246196590727	Q20220720101510	 
424	408170.648064132	3529552.56725651	58.115564562555	Q20220720101510	 
425	408073.839205338	3529576.48031528	58.1065094660374	Q20220720101510	 
426	408057.701366919	3529580.46657318	58.105	Q20220720101510	 
427	408023.026107225	3529655.98158658	58.0952898119535	Q20220720101510	 
428	407981.414233424	3529746.60300472	58.0836371488399	Q20220720101510	 
429	407939.802359622	3529837.22442285	58.0719844857263	Q20220720101510	 
430	407898.19048582	3529927.84584099	58.0603318226126	Q20220720101510	 
431	407879.150449433	3529969.31081099	58.055	Q20220720101510	 
432	407889.896313032	3530022.32374047	58.0536458656479	Q20220720101510	 
433	407909.706641795	3530120.0547001	58.0511494774834	Q20220720101510	 
434	407929.516970558	3530217.78565973	58.0486530893189	Q20220720101510	 
435	407949.327299321	3530315.51661936	58.0461567011545	Q20220720101510	 
436	407969.137628083	3530413.24757899	58.04366031299	Q20220720101510	 
437	407988.947956846	3530510.97853863	58.0411639248255	Q20220720101510	 
438	407998.184394424	3530556.54496606	58.04	Q20220720101510	 
439	407979.990533015	3530606.56425223	58.0362762149548	Q20220720101510	 
440	407945.904086536	3530700.2760643	58.0292996530919	Q20220720101510	 
441	407934.66832262	3530731.16587257	58.027	Q20220720101510	 
442	407926.113596713	3530797.46500133	58.0189148553416	Q20220720101510	 
443	407918.797129954	3530854.16762127	58.012	Q20220720101510	 
444	407940.114142399	3530890.98791715	57.9997897631065	Q20220720101510	 
445	407990.076750028	3530977.28697058	57.971171527951	Q20220720101510	 
446	408006.088689614	3531004.94395838	57.962	Q20220720101510	 
447	408065.087199882	3531038.27136263	57.9585948093489	Q20220720101510	 
448	408151.910805694	3531087.31676049	57.953583650093	Q20220720101510	 
449	408238.734411507	3531136.36215834	57.9485724908372	Q20220720101510	 
450	408325.558017319	3531185.4075562	57.9435613315813	Q20220720101510	 
451	408412.381623131	3531234.45295406	57.9385501723255	Q20220720101510	 
452	408499.205228944	3531283.49835192	57.9335390130696	Q20220720101510	 
453	408525.870249406	3531298.56103591	57.932	Q20220720101510	 
454	408572.766760952	3531349.3015261	57.9217307908146	Q20220720101510	 
455	408640.449938818	3531422.53250873	57.9069098011731	Q20220720101510	 
456	408708.133116684	3531495.76349136	57.8920888115316	Q20220720101510	 
457	408767.905937553	3531560.43572669	57.879	Q20220720101510	 
458	408770.456536204	3531571.80763736	57.8785225528044	Q20220720101510	 
459	408792.280155827	3531669.10881522	57.8744373840217	Q20220720101510	 
460	408814.10377545	3531766.40999308	57.8703522152389	Q20220720101510	 
461	408835.927395073	3531863.71117093	57.8662670464562	Q20220720101510	 
462	408857.751014696	3531961.01234879	57.8621818776735	Q20220720101510	 
463	408879.574634319	3532058.31352665	57.8580967088908	Q20220720101510	 
464	408901.398253942	3532155.61470451	57.854011540108	Q20220720101510	 
465	408906.802061649	3532179.70772225	57.853	Q20220720101510	 
466	408932.601282541	3532250.15944401	57.8464978494847	Q20220720101510	 
467	408966.891101827	3532343.79703166	57.8378558223835	Q20220720101510	 
468	409001.180921113	3532437.43461931	57.8292137952823	Q20220720101510	 
469	409009.964813974	3532461.42140475	57.827	Q20220720101510	 
470	409055.318337262	3532520.11420223	57.8222933643813	Q20220720101510	 
471	409116.290994819	3532599.01999792	57.815965827709	Q20220720101510	 
472	409177.263652376	3532677.9257936	57.8096382910367	Q20220720101510	 
473	409212.322520458	3532723.29609552	57.806	Q20220720101510	 
474	409246.042437182	3532748.96944491	57.7925126289677	Q20220720101510	 
475	409325.382162358	3532809.37637005	57.7607781404216	Q20220720101510	 
476	409394.830580402	3532862.25234586	57.733	Q20220720101510	 
477	409406.20043658	3532867.28022219	57.7324816121391	Q20220720101510	 
478	409497.399835443	3532907.60960641	57.7283235418386	Q20220720101510	 
479	409588.599234306	3532947.93899064	57.7241654715381	Q20220720101510	 
480	409679.798633169	3532988.26837487	57.7200074012376	Q20220720101510	 
481	409770.998032032	3533028.5977591	57.7158493309371	Q20220720101510	 
482	409862.197430895	3533068.92714333	57.7116912606365	Q20220720101510	 
483	409953.396829758	3533109.25652755	57.707533190336	Q20220720101510	 
484	410044.596228621	3533149.58591178	57.7033751200355	Q20220720101510	 
485	410135.795627484	3533189.91529601	57.699217049735	Q20220720101510	 
486	410184.422415506	3533211.41860022	57.697	Q20220720101510	 
487	410216.230477725	3533245.40529837	57.6933760790172	Q20220720101510	 
488	410284.369971546	3533318.21188409	57.6856128855314	Q20220720101510	 
489	410352.509465368	3533391.01846981	57.6778496920455	Q20220720101510	 
490	410420.648959189	3533463.82505553	57.6700864985597	Q20220720101510	 
491	410474.071681649	3533520.90687114	57.664	Q20220720101510	 
492	410481.492750536	3533541.12516715	57.6637921914861	Q20220720101510	 
493	410515.852724279	3533634.73703502	57.6628300261713	Q20220720101510	 
494	410550.212698022	3533728.34890289	57.6618678608565	Q20220720101510	 
495	410584.572671765	3533821.96077076	57.6609056955417	Q20220720101510	 
496	410616.916048266	3533910.07852981	57.66	Q20220720101510	 
497	407927.932777307	3518198.5685835	59.3203021012422	Q20220720160019	 
498	408027.648222561	3518197.78342243	59.2646042024843	Q20220720160019	 
499	408127.363667816	3518196.99826136	59.2089063037265	Q20220720160019	 
500	408227.07911307	3518196.21310029	59.1532084049687	Q20220720160019	 
501	408326.794558325	3518195.42793922	59.0975105062108	Q20220720160019	 
502	408426.510003579	3518194.64277815	59.041812607453	Q20220720160019	 
503	408526.225448834	3518193.85761708	58.9861147086952	Q20220720160019	 
504	408625.940894088	3518193.07245601	58.9304168099373	Q20220720160019	 
505	408725.656339343	3518192.28729494	58.8747189111795	Q20220720160019	 
506	408816.457948091	3518191.57232157	58.824	Q20220720160019	 
507	408823.827851676	3518196.58689567	58.8237363699827	Q20220720160019	 
508	408906.271950457	3518252.68288635	58.8207872487449	Q20220720160019	 
509	408988.716049238	3518308.77887703	58.8178381275071	Q20220720160019	 
510	409071.160148018	3518364.8748677	58.8148890062692	Q20220720160019	 
511	409153.604246799	3518420.97085838	58.8119398850314	Q20220720160019	 
512	409236.04834558	3518477.06684906	58.8089907637935	Q20220720160019	 
513	409318.492444361	3518533.16283973	58.8060416425557	Q20220720160019	 
514	409400.936543142	3518589.25883041	58.8030925213178	Q20220720160019	 
515	409483.380641922	3518645.35482108	58.80014340008	Q20220720160019	 
516	409565.824740703	3518701.45081176	58.7971942788422	Q20220720160019	 
517	409648.268839484	3518757.54680244	58.7942451576043	Q20220720160019	 
518	409730.712938265	3518813.64279311	58.7912960363665	Q20220720160019	 
519	409813.157037045	3518869.73878379	58.7883469151286	Q20220720160019	 
520	409895.601135826	3518925.83477447	58.7853977938908	Q20220720160019	 
521	409978.045234607	3518981.93076514	58.7824486726529	Q20220720160019	 
522	410060.489333388	3519038.02675582	58.7794995514151	Q20220720160019	 
523	410142.933432169	3519094.1227465	58.7765504301773	Q20220720160019	 
524	410225.377530949	3519150.21873717	58.7736013089394	Q20220720160019	 
525	410307.82162973	3519206.31472785	58.7706521877016	Q20220720160019	 
526	410326.053849756	3519218.72015722	58.77	Q20220720160019	 
527	410403.709894523	3519217.46764024	58.7909251197288	Q20220720160019	 
528	410503.415474704	3519215.85948555	58.817791685096	Q20220720160019	 
529	410603.121054885	3519214.25133086	58.8446582504633	Q20220720160019	 
530	410702.826635065	3519212.64317617	58.8715248158305	Q20220720160019	 
531	410802.532215246	3519211.03502148	58.8983913811978	Q20220720160019	 
532	410808.502024515	3519210.93873423	58.9	Q20220720160019	 
533	410878.499860805	3519148.57701893	58.9225705444035	Q20220720160019	 
534	410952.955693522	3519082.24363367	58.9465785533298	Q20220720160019	 
535	411027.41152624	3519015.9102484	58.970586562256	Q20220720160019	 
536	411101.867358958	3518949.57686314	58.9945945711822	Q20220720160019	 
537	411176.323191676	3518883.24347788	59.0186025801085	Q20220720160019	 
538	411236.480244059	3518829.64900735	59.038	Q20220720160019	 
539	411255.355233801	3518826.41329448	59.0416731238436	Q20220720160019	 
540	411353.640055713	3518809.56446609	59.0607996149186	Q20220720160019	 
541	411451.924877625	3518792.71563769	59.0799261059935	Q20220720160019	 
542	411508.830020133	3518782.96046937	59.091	Q20220720160019	 
543	411593.650076165	3518730.52624736	59.0987293236762	Q20220720160118	 
544	411678.470132196	3518678.09202536	59.1064586473525	Q20220720160118	 
545	411763.290188228	3518625.65780335	59.1141879710287	Q20220720160118	 
546	411848.110244259	3518573.22358134	59.1219172947049	Q20220720160118	 
547	411932.930300291	3518520.78935933	59.1296466183811	Q20220720160118	 
548	411936.808239677	3518518.39208746	59.13	Q20220720160118	 
549	411990.718812223	3518439.97670091	59.13	Q20220720160118	 
550	412047.212242016	3518357.80443069	59.13	Q20220720160118	 
551	412103.705671809	3518275.63216047	59.13	Q20220720160118	 
552	412160.199101602	3518193.45989026	59.13	Q20220720160118	 
553	412216.692531396	3518111.28762004	59.13	Q20220720160118	 
554	412273.185961189	3518029.11534982	59.13	Q20220720160118	 
555	412329.679390982	3517946.9430796	59.13	Q20220720160118	 
556	412364.786459221	3517895.87824767	59.13	Q20220720160118	 
557	412364.786989678	3517858.12842414	59.13	Q20220720160118	 
558	412364.788390912	3517758.4098722	59.13	Q20220720160118	 
559	412364.789792146	3517658.69132026	59.13	Q20220720160118	 
560	412364.79119338	3517558.97276832	59.13	Q20220720160118	 
561	412364.792594614	3517459.25421639	59.13	Q20220720160118	 
562	412364.793995848	3517359.53566445	59.13	Q20220720160118	 
563	412364.794770677	3517304.39511179	59.13	Q20220720160118	 
564	412377.811584782	3517261.75990837	59.13	Q20220720160118	 
565	412406.929487656	3517166.38728476	59.13	Q20220720160118	 
566	412436.04739053	3517071.01466115	59.13	Q20220720160118	 
567	412465.165293404	3516975.64203753	59.13	Q20220720160118	 
568	412494.283196278	3516880.26941392	59.13	Q20220720160118	 
569	412523.401099153	3516784.89679031	59.13	Q20220720160118	 
570	412552.519002027	3516689.5241667	59.13	Q20220720160118	 
571	412581.636904901	3516594.15154309	59.13	Q20220720160118	 
572	412610.754807775	3516498.77891947	59.13	Q20220720160118	 
573	412639.872710649	3516403.40629586	59.13	Q20220720160118	 
574	412668.990613523	3516308.03367225	59.13	Q20220720160118	 
575	412698.108516397	3516212.66104864	59.13	Q20220720160118	 
576	412727.226419271	3516117.28842502	59.13	Q20220720160118	 
577	412756.344322145	3516021.91580141	59.13	Q20220720160118	 
578	412785.462225019	3515926.5431778	59.13	Q20220720160118	 
579	412814.580127893	3515831.17055419	59.13	Q20220720160118	 
580	412843.698030767	3515735.79793058	59.13	Q20220720160118	 
581	412872.815933641	3515640.42530696	59.13	Q20220720160118	 
582	412901.933836516	3515545.05268335	59.13	Q20220720160118	 
583	412931.05173939	3515449.68005974	59.13	Q20220720160118	 
584	412960.169642264	3515354.30743613	59.13	Q20220720160118	 
585	412989.287545138	3515258.93481251	59.13	Q20220720160118	 
586	413018.405448012	3515163.5621889	59.13	Q20220720160118	 
587	413047.523350886	3515068.18956529	59.13	Q20220720160118	 
588	413076.64125376	3514972.81694168	59.13	Q20220720160118	 
589	413105.759156634	3514877.44431807	59.13	Q20220720160118	 
590	413134.877059508	3514782.07169445	59.13	Q20220720160118	 
591	413163.994962382	3514686.69907084	59.13	Q20220720160118	 
592	413193.112865256	3514591.32644723	59.13	Q20220720160118	 
593	413222.23076813	3514495.95382362	59.13	Q20220720160118	 
594	413236.319579931	3514449.80740467	59.13	Q20220720160118	 
