;pt1	pt2	distance	type 
0	1	99.718551947285547	Q20220720101510 
1	0	99.718551947285547	Q20220720101510 
1	2	87.128637270247722	Q20220720101510 
2	1	87.128637270247722	Q20220720101510 
2	3	12.589914677039197	Q20220720101510 
3	2	12.589914677039197	Q20220720101510 
3	4	99.718551947280289	Q20220720101510 
4	3	99.718551947280289	Q20220720101510 
4	5	83.246772134619377	Q20220720101510 
5	4	83.246772134619377	Q20220720101510 
5	6	16.471779812685256	Q20220720101510 
6	5	16.471779812685256	Q20220720101510 
6	7	99.718551947298650	Q20220720101510 
7	6	99.718551947298650	Q20220720101510 
7	8	45.059601613671873	Q20220720101510 
8	7	45.059601613671873	Q20220720101510 
8	9	54.658950333591179	Q20220720101510 
9	8	54.658950333591179	Q20220720101510 
9	10	99.718551947277476	Q20220720101510 
10	9	99.718551947277476	Q20220720101510 
10	11	99.718551947277476	Q20220720101510 
11	10	99.718551947277476	Q20220720101510 
11	12	99.718551947226601	Q20220720101510 
12	11	99.718551947226601	Q20220720101510 
12	13	99.718551947226601	Q20220720101510 
13	12	99.718551947226601	Q20220720101510 
13	14	99.718551947226601	Q20220720101510 
14	13	99.718551947226601	Q20220720101510 
14	15	99.718551947226601	Q20220720101510 
15	14	99.718551947226601	Q20220720101510 
15	16	99.718551947226601	Q20220720101510 
16	15	99.718551947226601	Q20220720101510 
16	17	99.718551947226601	Q20220720101510 
17	16	99.718551947226601	Q20220720101510 
17	18	99.718551947226601	Q20220720101510 
18	17	99.718551947226601	Q20220720101510 
18	19	99.718551947175740	Q20220720101510 
19	18	99.718551947175740	Q20220720101510 
19	20	99.718551947402105	Q20220720101510 
20	19	99.718551947402105	Q20220720101510 
20	21	99.718551947226601	Q20220720101510 
21	20	99.718551947226601	Q20220720101510 
21	22	99.718551947402105	Q20220720101510 
22	21	99.718551947402105	Q20220720101510 
22	23	53.666809788157089	Q20220720101510 
23	22	53.666809788157089	Q20220720101510 
23	24	46.051742159186723	Q20220720101510 
24	23	46.051742159186723	Q20220720101510 
24	25	99.718551947287963	Q20220720101510 
25	24	99.718551947287963	Q20220720101510 
25	26	34.869028294089077	Q20220720101510 
26	25	34.869028294089077	Q20220720101510 
26	27	64.849523653171957	Q20220720101510 
27	26	64.849523653171957	Q20220720101510 
27	28	99.718551947335499	Q20220720101510 
28	27	99.718551947335499	Q20220720101510 
28	29	75.152250251232161	Q20220720101510 
29	28	75.152250251232161	Q20220720101510 
29	30	24.566301696114412	Q20220720101510 
30	29	24.566301696114412	Q20220720101510 
30	31	99.718551947399177	Q20220720101510 
31	30	99.718551947399177	Q20220720101510 
31	32	99.718551947399177	Q20220720101510 
32	31	99.718551947399177	Q20220720101510 
32	33	99.718551947228960	Q20220720101510 
33	32	99.718551947228960	Q20220720101510 
33	34	19.689630120713250	Q20220720101510 
34	33	19.689630120713250	Q20220720101510 
34	35	80.028921826504103	Q20220720101510 
35	34	80.028921826504103	Q20220720101510 
35	36	99.718551947353788	Q20220720101510 
36	35	99.718551947353788	Q20220720101510 
36	37	99.718551947353788	Q20220720101510 
37	36	99.718551947353788	Q20220720101510 
37	38	24.974521135426823	Q20220720101510 
38	37	24.974521135426823	Q20220720101510 
38	39	74.744030811918876	Q20220720101510 
39	38	74.744030811918876	Q20220720101510 
39	40	99.718551947504650	Q20220720101510 
40	39	99.718551947504650	Q20220720101510 
40	41	45.892822282970364	Q20220720101510 
41	40	45.892822282970364	Q20220720101510 
41	42	53.825729664168527	Q20220720101510 
42	41	53.825729664168527	Q20220720101510 
42	43	99.718551947127040	Q20220720101510 
43	42	99.718551947127040	Q20220720101510 
43	44	38.364791015707411	Q20220720101510 
44	43	38.364791015707411	Q20220720101510 
44	45	61.353760931584269	Q20220720101510 
45	44	61.353760931584269	Q20220720101510 
45	46	80.134831282983299	Q20220720101510 
46	45	80.134831282983299	Q20220720101510 
46	47	19.583720664202378	Q20220720101510 
47	46	19.583720664202378	Q20220720101510 
47	48	99.718551947348374	Q20220720101510 
48	47	99.718551947348374	Q20220720101510 
48	49	32.606904669283466	Q20220720101510 
49	48	32.606904669283466	Q20220720101510 
49	50	67.111647277889119	Q20220720101510 
50	49	67.111647277889119	Q20220720101510 
50	51	99.718551947302217	Q20220720101510 
51	50	99.718551947302217	Q20220720101510 
51	52	99.718551947302217	Q20220720101510 
52	51	99.718551947302217	Q20220720101510 
52	53	99.718551947302217	Q20220720101510 
53	52	99.718551947302217	Q20220720101510 
53	54	99.718551947302217	Q20220720101510 
54	53	99.718551947302217	Q20220720101510 
54	55	99.718551947302217	Q20220720101510 
55	54	99.718551947302217	Q20220720101510 
55	56	99.718551947302217	Q20220720101510 
56	55	99.718551947302217	Q20220720101510 
56	57	99.718551947302217	Q20220720101510 
57	56	99.718551947302217	Q20220720101510 
57	58	99.718551947342050	Q20220720101510 
58	57	99.718551947342050	Q20220720101510 
58	59	99.718551947342050	Q20220720101510 
59	58	99.718551947342050	Q20220720101510 
59	60	27.084949389493438	Q20220720101510 
60	59	27.084949389493438	Q20220720101510 
60	61	72.633602557983778	Q20220720101510 
61	60	72.633602557983778	Q20220720101510 
61	62	99.718551947244677	Q20220720101510 
62	61	99.718551947244677	Q20220720101510 
62	63	99.718551947263407	Q20220720101510 
63	62	99.718551947263407	Q20220720101510 
63	64	99.718551947244677	Q20220720101510 
64	63	99.718551947244677	Q20220720101510 
64	65	40.717832215667102	Q20220720101510 
65	64	40.717832215667102	Q20220720101510 
65	66	59.000719731414343	Q20220720101510 
66	65	59.000719731414343	Q20220720101510 
66	67	99.718551947099485	Q20220720101510 
67	66	99.718551947099485	Q20220720101510 
67	68	99.718551947099485	Q20220720101510 
68	67	99.718551947099485	Q20220720101510 
68	69	70.010816512319963	Q20220720101510 
69	68	70.010816512319963	Q20220720101510 
69	70	29.707735434965098	Q20220720101510 
70	69	29.707735434965098	Q20220720101510 
70	71	99.718551947366862	Q20220720101510 
71	70	99.718551947366862	Q20220720101510 
71	72	99.718551947366862	Q20220720101510 
72	71	99.718551947366862	Q20220720101510 
72	73	99.718551947366862	Q20220720101510 
73	72	99.718551947366862	Q20220720101510 
73	74	99.718551947366862	Q20220720101510 
74	73	99.718551947366862	Q20220720101510 
74	75	99.718551947366862	Q20220720101510 
75	74	99.718551947366862	Q20220720101510 
75	76	99.718551947366862	Q20220720101510 
76	75	99.718551947366862	Q20220720101510 
76	77	99.718551947366862	Q20220720101510 
77	76	99.718551947366862	Q20220720101510 
77	78	99.718551947366862	Q20220720101510 
78	77	99.718551947366862	Q20220720101510 
78	79	99.718551947394147	Q20220720101510 
79	78	99.718551947394147	Q20220720101510 
79	80	40.327811780278566	Q20220720101510 
80	79	40.327811780278566	Q20220720101510 
80	81	99.718551947131232	Q20220720101510 
81	80	99.718551947131232	Q20220720101510 
81	82	99.718551947131232	Q20220720101510 
82	81	99.718551947131232	Q20220720101510 
82	83	99.718551947131232	Q20220720101510 
83	82	99.718551947131232	Q20220720101510 
83	84	99.718551947131232	Q20220720101510 
84	83	99.718551947131232	Q20220720101510 
84	85	99.718551947103961	Q20220720101510 
85	84	99.718551947103961	Q20220720101510 
85	86	99.718551947103961	Q20220720101510 
86	85	99.718551947103961	Q20220720101510 
86	87	99.718551947103961	Q20220720101510 
87	86	99.718551947103961	Q20220720101510 
87	88	99.718551947103961	Q20220720101510 
88	87	99.718551947103961	Q20220720101510 
88	89	99.718551947103961	Q20220720101510 
89	88	99.718551947103961	Q20220720101510 
89	90	99.718551947103961	Q20220720101510 
90	89	99.718551947103961	Q20220720101510 
90	91	99.718551947488038	Q20220720101510 
91	90	99.718551947488038	Q20220720101510 
91	92	99.718551947103961	Q20220720101510 
92	91	99.718551947103961	Q20220720101510 
92	93	99.718551947488038	Q20220720101510 
93	92	99.718551947488038	Q20220720101510 
93	94	99.718551947103961	Q20220720101510 
94	93	99.718551947103961	Q20220720101510 
94	95	99.718551947488038	Q20220720101510 
95	94	99.718551947488038	Q20220720101510 
95	96	99.718551947103961	Q20220720101510 
96	95	99.718551947103961	Q20220720101510 
96	97	99.718551947488038	Q20220720101510 
97	96	99.718551947488038	Q20220720101510 
97	98	67.036483259001542	Q20220720101510 
98	97	67.036483259001542	Q20220720101510 
98	99	32.682068688222493	Q20220720101510 
99	98	32.682068688222493	Q20220720101510 
99	100	99.718551947252848	Q20220720101510 
100	99	99.718551947252848	Q20220720101510 
100	101	99.718551947252848	Q20220720101510 
101	100	99.718551947252848	Q20220720101510 
101	102	99.718551947244009	Q20220720101510 
102	101	99.718551947244009	Q20220720101510 
102	103	99.718551947244009	Q20220720101510 
103	102	99.718551947244009	Q20220720101510 
103	104	99.718551947252848	Q20220720101510 
104	103	99.718551947252848	Q20220720101510 
104	105	99.718551947244009	Q20220720101510 
105	104	99.718551947244009	Q20220720101510 
105	106	99.718551947244009	Q20220720101510 
106	105	99.718551947244009	Q20220720101510 
106	107	99.718551947252848	Q20220720101510 
107	106	99.718551947252848	Q20220720101510 
107	108	99.718551947244009	Q20220720101510 
108	107	99.718551947244009	Q20220720101510 
108	109	49.641194728926521	Q20220720101510 
109	108	49.641194728926521	Q20220720101510 
109	110	50.077357218165638	Q20220720101510 
110	109	50.077357218165638	Q20220720101510 
110	111	99.718551947196119	Q20220720101510 
111	110	99.718551947196119	Q20220720101510 
111	112	99.718551947196119	Q20220720101510 
112	111	99.718551947196119	Q20220720101510 
112	113	99.718551947196119	Q20220720101510 
113	112	99.718551947196119	Q20220720101510 
113	114	18.518774280175439	Q20220720101510 
114	113	18.518774280175439	Q20220720101510 
114	115	81.199777667114290	Q20220720101510 
115	114	81.199777667114290	Q20220720101510 
115	116	99.718551947129697	Q20220720101510 
116	115	99.718551947129697	Q20220720101510 
116	117	99.718551947129697	Q20220720101510 
117	116	99.718551947129697	Q20220720101510 
117	118	99.718551947129697	Q20220720101510 
118	117	99.718551947129697	Q20220720101510 
118	119	99.718551947129697	Q20220720101510 
119	118	99.718551947129697	Q20220720101510 
119	120	99.718551947129697	Q20220720101510 
120	119	99.718551947129697	Q20220720101510 
120	121	99.718551947129697	Q20220720101510 
121	120	99.718551947129697	Q20220720101510 
121	122	99.718551947129697	Q20220720101510 
122	121	99.718551947129697	Q20220720101510 
122	123	99.718551947129697	Q20220720101510 
123	122	99.718551947129697	Q20220720101510 
123	124	99.718551947129697	Q20220720101510 
124	123	99.718551947129697	Q20220720101510 
124	125	99.718551947129697	Q20220720101510 
125	124	99.718551947129697	Q20220720101510 
125	126	99.718551947129697	Q20220720101510 
126	125	99.718551947129697	Q20220720101510 
126	127	57.399441039476386	Q20220720101510 
127	126	57.399441039476386	Q20220720101510 
127	128	42.319110907828644	Q20220720101510 
128	127	42.319110907828644	Q20220720101510 
128	129	99.718551947341467	Q20220720101510 
129	128	99.718551947341467	Q20220720101510 
129	130	46.891665360604016	Q20220720101510 
130	129	46.891665360604016	Q20220720101510 
130	131	52.826886586684772	Q20220720101510 
131	130	52.826886586684772	Q20220720101510 
131	132	99.718551947261574	Q20220720101510 
132	131	99.718551947261574	Q20220720101510 
132	133	45.084994406035491	Q20220720101510 
133	132	45.084994406035491	Q20220720101510 
133	134	54.633557541206372	Q20220720101510 
134	133	54.633557541206372	Q20220720101510 
134	135	99.718551947247846	Q20220720101510 
135	134	99.718551947247846	Q20220720101510 
135	136	99.718551947357597	Q20220720101510 
136	135	99.718551947357597	Q20220720101510 
136	137	29.703496366376960	Q20220720101510 
137	136	29.703496366376960	Q20220720101510 
137	138	70.015055580921228	Q20220720101510 
138	137	70.015055580921228	Q20220720101510 
138	139	99.718551947318034	Q20220720101510 
139	138	99.718551947318034	Q20220720101510 
139	140	48.774056901920140	Q20220720101510 
140	139	48.774056901920140	Q20220720101510 
140	141	50.944495045409113	Q20220720101510 
141	140	50.944495045409113	Q20220720101510 
141	142	99.718551947406553	Q20220720101510 
142	141	99.718551947406553	Q20220720101510 
142	143	99.718551947406553	Q20220720101510 
143	142	99.718551947406553	Q20220720101510 
143	144	99.718551947160535	Q20220720101510 
144	143	99.718551947160535	Q20220720101510 
144	145	99.718551947357142	Q20220720101510 
145	144	99.718551947357142	Q20220720101510 
145	146	28.890556685711413	Q20220720101510 
146	145	28.890556685711413	Q20220720101510 
146	147	70.827995261562336	Q20220720101510 
147	146	70.827995261562336	Q20220720101510 
147	148	99.718551947295580	Q20220720101510 
148	147	99.718551947295580	Q20220720101510 
148	149	99.718551947295580	Q20220720101510 
149	148	99.718551947295580	Q20220720101510 
149	150	99.718551947295580	Q20220720101510 
150	149	99.718551947295580	Q20220720101510 
150	151	99.718551947324400	Q20220720101510 
151	150	99.718551947324400	Q20220720101510 
151	152	99.718551947295580	Q20220720101510 
152	151	99.718551947295580	Q20220720101510 
152	153	14.278594340380494	Q20220720101510 
153	152	14.278594340380494	Q20220720101510 
153	154	85.439957606946408	Q20220720101510 
154	153	85.439957606946408	Q20220720101510 
154	155	99.718551947355763	Q20220720101510 
155	154	99.718551947355763	Q20220720101510 
155	156	99.718551947355763	Q20220720101510 
156	155	99.718551947355763	Q20220720101510 
156	157	99.718551947407050	Q20220720101510 
157	156	99.718551947407050	Q20220720101510 
157	158	99.718551947237970	Q20220720101510 
158	157	99.718551947237970	Q20220720101510 
158	159	2.662778704370433	Q20220720101510 
159	158	2.662778704370433	Q20220720101510 
159	160	97.055773242912252	Q20220720101510 
160	159	97.055773242912252	Q20220720101510 
160	161	99.718551947273497	Q20220720101510 
161	160	99.718551947273497	Q20220720101510 
161	162	99.718551947273497	Q20220720101510 
162	161	99.718551947273497	Q20220720101510 
162	163	99.718551947273497	Q20220720101510 
163	162	99.718551947273497	Q20220720101510 
163	164	99.718551947273497	Q20220720101510 
164	163	99.718551947273497	Q20220720101510 
164	165	99.718551947273497	Q20220720101510 
165	164	99.718551947273497	Q20220720101510 
165	166	99.718551947273497	Q20220720101510 
166	165	99.718551947273497	Q20220720101510 
166	167	99.718551947273497	Q20220720101510 
167	166	99.718551947273497	Q20220720101510 
167	168	99.718551947273497	Q20220720101510 
168	167	99.718551947273497	Q20220720101510 
168	169	99.718551947273497	Q20220720101510 
169	168	99.718551947273497	Q20220720101510 
169	170	99.718551947273497	Q20220720101510 
170	169	99.718551947273497	Q20220720101510 
170	171	99.718551947297073	Q20220720101510 
171	170	99.718551947297073	Q20220720101510 
171	172	99.718551947273497	Q20220720101510 
172	171	99.718551947273497	Q20220720101510 
172	173	44.809980968853608	Q20220720101510 
173	172	44.809980968853608	Q20220720101510 
173	174	54.908570978449674	Q20220720101510 
174	173	54.908570978449674	Q20220720101510 
174	175	99.718551947415278	Q20220720101510 
175	174	99.718551947415278	Q20220720101510 
175	176	99.718551947415278	Q20220720101510 
176	175	99.718551947415278	Q20220720101510 
176	177	99.718551947208837	Q20220720101510 
177	176	99.718551947208837	Q20220720101510 
177	178	99.718551947415278	Q20220720101510 
178	177	99.718551947415278	Q20220720101510 
178	179	99.718551947208837	Q20220720101510 
179	178	99.718551947208837	Q20220720101510 
179	180	99.718551947363096	Q20220720101510 
180	179	99.718551947363096	Q20220720101510 
180	181	99.718551947208837	Q20220720101510 
181	180	99.718551947208837	Q20220720101510 
181	182	99.718551947363096	Q20220720101510 
182	181	99.718551947363096	Q20220720101510 
182	183	84.485792914281689	Q20220720101510 
183	182	84.485792914281689	Q20220720101510 
183	184	15.232759033039642	Q20220720101510 
184	183	15.232759033039642	Q20220720101510 
184	185	99.718551947336820	Q20220720101510 
185	184	99.718551947336820	Q20220720101510 
185	186	34.012379803923743	Q20220720101510 
186	185	34.012379803923743	Q20220720101510 
186	187	65.706172143362608	Q20220720101510 
187	186	65.706172143362608	Q20220720101510 
187	188	51.500396223614004	Q20220720101510 
188	187	51.500396223614004	Q20220720101510 
188	189	48.218155723808572	Q20220720101510 
189	188	48.218155723808572	Q20220720101510 
189	190	99.718551947355650	Q20220720101510 
190	189	99.718551947355650	Q20220720101510 
190	191	99.718551947401110	Q20220720101510 
191	190	99.718551947401110	Q20220720101510 
191	192	99.718551947401110	Q20220720101510 
192	191	99.718551947401110	Q20220720101510 
192	193	99.718551947401110	Q20220720101510 
193	192	99.718551947401110	Q20220720101510 
193	194	99.718551947446585	Q20220720101510 
194	193	99.718551947446585	Q20220720101510 
194	195	99.718551947201348	Q20220720101510 
195	194	99.718551947201348	Q20220720101510 
195	196	26.311095278707935	Q20220720101510 
196	195	26.311095278707935	Q20220720101510 
196	197	73.407456668574312	Q20220720101510 
197	196	73.407456668574312	Q20220720101510 
197	198	99.718551947252919	Q20220720101510 
198	197	99.718551947252919	Q20220720101510 
198	199	99.718551947336906	Q20220720101510 
199	198	99.718551947336906	Q20220720101510 
199	200	99.718551947252919	Q20220720101510 
200	199	99.718551947252919	Q20220720101510 
200	201	99.718551947336906	Q20220720101510 
201	200	99.718551947336906	Q20220720101510 
201	202	54.035462929586664	Q20220720101510 
202	201	54.035462929586664	Q20220720101510 
202	203	45.683089017665750	Q20220720101510 
203	202	45.683089017665750	Q20220720101510 
203	204	99.718551947231958	Q20220720101510 
204	203	99.718551947231958	Q20220720101510 
204	205	99.718551947365768	Q20220720101510 
205	204	99.718551947365768	Q20220720101510 
205	206	99.718551947287722	Q20220720101510 
206	205	99.718551947287722	Q20220720101510 
206	207	45.096711644695013	Q20220720101510 
207	206	45.096711644695013	Q20220720101510 
207	208	54.621840302611837	Q20220720101510 
208	207	54.621840302611837	Q20220720101510 
208	209	99.718551947292170	Q20220720101510 
209	208	99.718551947292170	Q20220720101510 
209	210	99.718551947350107	Q20220720101510 
210	209	99.718551947350107	Q20220720101510 
210	211	99.718551947305983	Q20220720101510 
211	210	99.718551947305983	Q20220720101510 
211	212	99.718551947292170	Q20220720101510 
212	211	99.718551947292170	Q20220720101510 
212	213	99.718551947305983	Q20220720101510 
213	212	99.718551947305983	Q20220720101510 
213	214	61.657403320125191	Q20220720101510 
214	213	61.657403320125191	Q20220720101510 
214	215	38.061148627151660	Q20220720101510 
215	214	38.061148627151660	Q20220720101510 
215	216	99.718551947350036	Q20220720101510 
216	215	99.718551947350036	Q20220720101510 
216	217	73.702072869133985	Q20220720101510 
217	216	73.702072869133985	Q20220720101510 
217	218	26.016479078129599	Q20220720101510 
218	217	26.016479078129599	Q20220720101510 
218	219	87.500370957315255	Q20220720101510 
219	218	87.500370957315255	Q20220720101510 
219	220	12.218180989933073	Q20220720101510 
220	219	12.218180989933073	Q20220720101510 
220	221	99.718551947335982	Q20220720101510 
221	220	99.718551947335982	Q20220720101510 
221	222	99.718551947335982	Q20220720101510 
222	221	99.718551947335982	Q20220720101510 
222	223	8.445622838780528	Q20220720101510 
223	222	8.445622838780528	Q20220720101510 
223	224	91.272929108528629	Q20220720101510 
224	223	91.272929108528629	Q20220720101510 
224	225	99.718551947268864	Q20220720101510 
225	224	99.718551947268864	Q20220720101510 
225	226	99.718551947268864	Q20220720101510 
226	225	99.718551947268864	Q20220720101510 
226	227	99.718551947268864	Q20220720101510 
227	226	99.718551947268864	Q20220720101510 
227	228	99.718551947268864	Q20220720101510 
228	227	99.718551947268864	Q20220720101510 
228	229	99.718551947268864	Q20220720101510 
229	228	99.718551947268864	Q20220720101510 
229	230	99.718551947314211	Q20220720101510 
230	229	99.718551947314211	Q20220720101510 
230	231	99.718551947268864	Q20220720101510 
231	230	99.718551947268864	Q20220720101510 
231	232	99.718551947314211	Q20220720101510 
232	231	99.718551947314211	Q20220720101510 
232	233	99.718551947268864	Q20220720101510 
233	232	99.718551947268864	Q20220720101510 
233	234	99.718551947314211	Q20220720101510 
234	233	99.718551947314211	Q20220720101510 
234	235	24.418953120862621	Q20220720101510 
235	234	24.418953120862621	Q20220720101510 
235	236	75.299598826410943	Q20220720101510 
236	235	75.299598826410943	Q20220720101510 
236	237	65.453201264386536	Q20220720101510 
237	236	65.453201264386536	Q20220720101510 
237	238	34.265350682903062	Q20220720101510 
238	237	34.265350682903062	Q20220720101510 
238	239	99.718551947476655	Q20220720101510 
239	238	99.718551947476655	Q20220720101510 
239	240	91.520882800233395	Q20220720101510 
240	239	91.520882800233395	Q20220720101510 
240	241	8.197669147074423	Q20220720101510 
241	240	8.197669147074423	Q20220720101510 
241	242	99.718551947356573	Q20220720101510 
242	241	99.718551947356573	Q20220720101510 
242	243	99.718551947217321	Q20220720101510 
243	242	99.718551947217321	Q20220720101510 
243	244	99.718551947356573	Q20220720101510 
244	243	99.718551947356573	Q20220720101510 
244	245	30.219972822328725	Q20220720101510 
245	244	30.219972822328725	Q20220720101510 
245	246	99.718551947341467	Q20220720101510 
245	497	99.718551947311639	Q20220720160019 
246	245	99.718551947341467	Q20220720101510 
246	247	99.718551947341467	Q20220720101510 
247	246	99.718551947341467	Q20220720101510 
247	248	99.718551947341467	Q20220720101510 
248	247	99.718551947341467	Q20220720101510 
248	249	99.718551947341467	Q20220720101510 
249	248	99.718551947341467	Q20220720101510 
249	250	99.718551947341467	Q20220720101510 
250	249	99.718551947341467	Q20220720101510 
250	251	99.718551947341467	Q20220720101510 
251	250	99.718551947341467	Q20220720101510 
251	252	99.718551947341467	Q20220720101510 
252	251	99.718551947341467	Q20220720101510 
252	253	99.718551947372717	Q20220720101510 
253	252	99.718551947372717	Q20220720101510 
253	254	86.826300782189392	Q20220720101510 
254	253	86.826300782189392	Q20220720101510 
254	255	12.892251165269720	Q20220720101510 
255	254	12.892251165269720	Q20220720101510 
255	256	80.746331452239417	Q20220720101510 
256	255	80.746331452239417	Q20220720101510 
256	257	18.972220494910626	Q20220720101510 
257	256	18.972220494910626	Q20220720101510 
257	258	99.718551947443615	Q20220720101510 
258	257	99.718551947443615	Q20220720101510 
258	259	99.718551947476911	Q20220720101510 
259	258	99.718551947476911	Q20220720101510 
259	260	99.718551947128205	Q20220720101510 
260	259	99.718551947128205	Q20220720101510 
260	261	99.718551947443615	Q20220720101510 
261	260	99.718551947443615	Q20220720101510 
261	262	59.425250812377477	Q20220720101510 
262	261	59.425250812377477	Q20220720101510 
262	263	40.293301134964558	Q20220720101510 
263	262	40.293301134964558	Q20220720101510 
263	264	90.260456820125682	Q20220720101510 
264	263	90.260456820125682	Q20220720101510 
264	265	9.458095127070058	Q20220720101510 
265	264	9.458095127070058	Q20220720101510 
265	266	99.718551947224071	Q20220720101510 
266	265	99.718551947224071	Q20220720101510 
266	267	19.073230893682432	Q20220720101510 
267	266	19.073230893682432	Q20220720101510 
267	268	80.645321053675076	Q20220720101510 
268	267	80.645321053675076	Q20220720101510 
268	269	99.718551947262398	Q20220720101510 
269	268	99.718551947262398	Q20220720101510 
269	270	98.854820002682501	Q20220720101510 
270	269	98.854820002682501	Q20220720101510 
270	271	0.863731944725575	Q20220720101510 
271	270	0.863731944725575	Q20220720101510 
271	272	99.718551947387851	Q20220720101510 
272	271	99.718551947387851	Q20220720101510 
272	273	8.857922758636494	Q20220720101510 
273	272	8.857922758636494	Q20220720101510 
273	274	90.860629188791677	Q20220720101510 
274	273	90.860629188791677	Q20220720101510 
274	275	99.718551947314793	Q20220720101510 
275	274	99.718551947314793	Q20220720101510 
275	276	99.718551947314793	Q20220720101510 
276	275	99.718551947314793	Q20220720101510 
276	277	21.687333041801399	Q20220720101510 
277	276	21.687333041801399	Q20220720101510 
277	278	78.031218905572288	Q20220720101510 
278	277	78.031218905572288	Q20220720101510 
278	279	99.718551947496181	Q20220720101510 
279	278	99.718551947496181	Q20220720101510 
279	280	99.718551947496181	Q20220720101510 
280	279	99.718551947496181	Q20220720101510 
280	281	25.768473052088414	Q20220720101510 
281	280	25.768473052088414	Q20220720101510 
281	282	73.950078895295434	Q20220720101510 
282	281	73.950078895295434	Q20220720101510 
282	283	80.526563957854179	Q20220720101510 
283	282	80.526563957854179	Q20220720101510 
283	284	19.191987989342376	Q20220720101510 
284	283	19.191987989342376	Q20220720101510 
284	285	99.718551947331989	Q20220720101510 
285	284	99.718551947331989	Q20220720101510 
285	286	99.718551947382608	Q20220720101510 
286	285	99.718551947382608	Q20220720101510 
286	287	55.648424271975152	Q20220720101510 
287	286	55.648424271975152	Q20220720101510 
287	288	44.070127675295275	Q20220720101510 
288	287	44.070127675295275	Q20220720101510 
288	289	99.718551947309663	Q20220720101510 
289	288	99.718551947309663	Q20220720101510 
289	290	99.718551947309663	Q20220720101510 
290	289	99.718551947309663	Q20220720101510 
290	291	99.718551947304562	Q20220720101510 
291	290	99.718551947304562	Q20220720101510 
291	292	99.718551947309663	Q20220720101510 
292	291	99.718551947309663	Q20220720101510 
292	293	85.322310035154118	Q20220720101510 
293	292	85.322310035154118	Q20220720101510 
293	294	14.396241912056366	Q20220720101510 
294	293	14.396241912056366	Q20220720101510 
294	295	99.718551947477891	Q20220720101510 
295	294	99.718551947477891	Q20220720101510 
295	296	99.718551947137911	Q20220720101510 
296	295	99.718551947137911	Q20220720101510 
296	297	99.718551947438101	Q20220720101510 
297	296	99.718551947438101	Q20220720101510 
297	298	66.810821676781643	Q20220720101510 
298	297	66.810821676781643	Q20220720101510 
298	299	32.907730270731918	Q20220720101510 
299	298	32.907730270731918	Q20220720101510 
299	300	99.718551947176579	Q20220720101510 
300	299	99.718551947176579	Q20220720101510 
300	301	99.718551947176579	Q20220720101510 
301	300	99.718551947176579	Q20220720101510 
301	302	88.210281680118143	Q20220720101510 
302	301	88.210281680118143	Q20220720101510 
302	303	11.508270267042295	Q20220720101510 
303	302	11.508270267042295	Q20220720101510 
303	304	99.718551947190079	Q20220720101510 
304	303	99.718551947190079	Q20220720101510 
304	305	99.718551947157636	Q20220720101510 
305	304	99.718551947157636	Q20220720101510 
305	306	89.286834030755884	Q20220720101510 
306	305	89.286834030755884	Q20220720101510 
306	307	10.431717916562199	Q20220720101510 
307	306	10.431717916562199	Q20220720101510 
307	308	99.718551947325565	Q20220720101510 
308	307	99.718551947325565	Q20220720101510 
308	309	99.718551947325565	Q20220720101510 
309	308	99.718551947325565	Q20220720101510 
309	310	99.718551947325565	Q20220720101510 
310	309	99.718551947325565	Q20220720101510 
310	311	99.718551947325565	Q20220720101510 
311	310	99.718551947325565	Q20220720101510 
311	312	99.718551947325565	Q20220720101510 
312	311	99.718551947325565	Q20220720101510 
312	313	21.935559915269256	Q20220720101510 
313	312	21.935559915269256	Q20220720101510 
313	314	77.782992032088501	Q20220720101510 
314	313	77.782992032088501	Q20220720101510 
314	315	99.718551947347379	Q20220720101510 
315	314	99.718551947347379	Q20220720101510 
315	316	99.718551947347379	Q20220720101510 
316	315	99.718551947347379	Q20220720101510 
316	317	99.718551947347379	Q20220720101510 
317	316	99.718551947347379	Q20220720101510 
317	318	99.718551947347379	Q20220720101510 
318	317	99.718551947347379	Q20220720101510 
318	319	99.718551947383830	Q20220720101510 
319	318	99.718551947383830	Q20220720101510 
319	320	99.718551947383830	Q20220720101510 
320	319	99.718551947383830	Q20220720101510 
320	321	99.718551947383830	Q20220720101510 
321	320	99.718551947383830	Q20220720101510 
321	322	99.718551947420266	Q20220720101510 
322	321	99.718551947420266	Q20220720101510 
322	323	28.757371386936740	Q20220720101510 
323	322	28.757371386936740	Q20220720101510 
323	324	99.718551947323064	Q20220720101510 
324	323	99.718551947323064	Q20220720101510 
324	325	99.718551947323064	Q20220720101510 
325	324	99.718551947323064	Q20220720101510 
325	326	99.718551947323064	Q20220720101510 
326	325	99.718551947323064	Q20220720101510 
326	327	99.718551947323064	Q20220720101510 
327	326	99.718551947323064	Q20220720101510 
327	328	99.718551947323064	Q20220720101510 
328	327	99.718551947323064	Q20220720101510 
328	329	99.718551947323064	Q20220720101510 
329	328	99.718551947323064	Q20220720101510 
329	330	85.093333847500887	Q20220720101510 
330	329	85.093333847500887	Q20220720101510 
330	331	14.625218099867022	Q20220720101510 
331	330	14.625218099867022	Q20220720101510 
331	332	99.718551947315149	Q20220720101510 
332	331	99.718551947315149	Q20220720101510 
332	333	99.718551947315149	Q20220720101510 
333	332	99.718551947315149	Q20220720101510 
333	334	99.718551947315149	Q20220720101510 
334	333	99.718551947315149	Q20220720101510 
334	335	99.718551947315149	Q20220720101510 
335	334	99.718551947315149	Q20220720101510 
335	336	99.718551947315149	Q20220720101510 
336	335	99.718551947315149	Q20220720101510 
336	337	99.718551947315149	Q20220720101510 
337	336	99.718551947315149	Q20220720101510 
337	338	21.861360635098208	Q20220720101510 
338	337	21.861360635098208	Q20220720101510 
338	339	77.857191312343616	Q20220720101510 
339	338	77.857191312343616	Q20220720101510 
339	340	99.718551947105212	Q20220720101510 
340	339	99.718551947105212	Q20220720101510 
340	341	99.718551947505915	Q20220720101510 
341	340	99.718551947505915	Q20220720101510 
341	342	99.718551947105212	Q20220720101510 
342	341	99.718551947105212	Q20220720101510 
342	343	99.718551947505915	Q20220720101510 
343	342	99.718551947505915	Q20220720101510 
343	344	40.523396716418283	Q20220720101510 
344	343	40.523396716418283	Q20220720101510 
344	345	59.195155230917507	Q20220720101510 
345	344	59.195155230917507	Q20220720101510 
345	346	99.718551947459133	Q20220720101510 
346	345	99.718551947459133	Q20220720101510 
346	347	99.718551947457328	Q20220720101510 
347	346	99.718551947457328	Q20220720101510 
347	348	99.718551947459133	Q20220720101510 
348	347	99.718551947459133	Q20220720101510 
348	349	99.718551947457328	Q20220720101510 
349	348	99.718551947457328	Q20220720101510 
349	350	54.330050628207054	Q20220720101510 
350	349	54.330050628207054	Q20220720101510 
350	351	45.388501319073818	Q20220720101510 
351	350	45.388501319073818	Q20220720101510 
351	352	99.718551947497104	Q20220720101510 
352	351	99.718551947497104	Q20220720101510 
352	353	99.718551947497104	Q20220720101510 
353	352	99.718551947497104	Q20220720101510 
353	354	99.718551947497104	Q20220720101510 
354	353	99.718551947497104	Q20220720101510 
354	355	99.718551947497104	Q20220720101510 
355	354	99.718551947497104	Q20220720101510 
355	356	99.718551947497104	Q20220720101510 
356	355	99.718551947497104	Q20220720101510 
356	357	99.718551947497104	Q20220720101510 
357	356	99.718551947497104	Q20220720101510 
357	358	99.718551947514953	Q20220720101510 
358	357	99.718551947514953	Q20220720101510 
358	359	99.718551947514953	Q20220720101510 
359	358	99.718551947514953	Q20220720101510 
359	360	99.718551947089608	Q20220720101510 
360	359	99.718551947089608	Q20220720101510 
360	361	65.955219983639182	Q20220720101510 
361	360	65.955219983639182	Q20220720101510 
361	362	33.763331963552297	Q20220720101510 
362	361	33.763331963552297	Q20220720101510 
362	363	99.718551947377009	Q20220720101510 
363	362	99.718551947377009	Q20220720101510 
363	364	99.718551947377009	Q20220720101510 
364	363	99.718551947377009	Q20220720101510 
364	365	99.718551947377009	Q20220720101510 
365	364	99.718551947377009	Q20220720101510 
365	366	99.718551947377009	Q20220720101510 
366	365	99.718551947377009	Q20220720101510 
366	367	99.718551947377009	Q20220720101510 
367	366	99.718551947377009	Q20220720101510 
367	368	99.718551947377009	Q20220720101510 
368	367	99.718551947377009	Q20220720101510 
368	369	99.718551947409210	Q20220720101510 
369	368	99.718551947409210	Q20220720101510 
369	370	99.718551947409210	Q20220720101510 
370	369	99.718551947409210	Q20220720101510 
370	371	99.718551947409210	Q20220720101510 
371	370	99.718551947409210	Q20220720101510 
371	372	99.718551947409210	Q20220720101510 
372	371	99.718551947409210	Q20220720101510 
372	373	99.718551947441398	Q20220720101510 
373	372	99.718551947441398	Q20220720101510 
373	374	88.744967510424516	Q20220720101510 
374	373	88.744967510424516	Q20220720101510 
374	375	10.973584436828906	Q20220720101510 
375	374	10.973584436828906	Q20220720101510 
375	376	99.718551947196715	Q20220720101510 
376	375	99.718551947196715	Q20220720101510 
376	377	99.718551947196715	Q20220720101510 
377	376	99.718551947196715	Q20220720101510 
377	378	42.783345886973322	Q20220720101510 
378	377	42.783345886973322	Q20220720101510 
378	379	56.935206060200656	Q20220720101510 
379	378	56.935206060200656	Q20220720101510 
379	380	99.718551947305883	Q20220720101510 
380	379	99.718551947305883	Q20220720101510 
380	381	99.718551947305883	Q20220720101510 
381	380	99.718551947305883	Q20220720101510 
381	382	99.718551947305883	Q20220720101510 
382	381	99.718551947305883	Q20220720101510 
382	383	99.718551947305883	Q20220720101510 
383	382	99.718551947305883	Q20220720101510 
383	384	42.873516679472232	Q20220720101510 
384	383	42.873516679472232	Q20220720101510 
384	385	56.845035267690520	Q20220720101510 
385	384	56.845035267690520	Q20220720101510 
385	386	99.718551947254753	Q20220720101510 
386	385	99.718551947254753	Q20220720101510 
386	387	99.718551947249622	Q20220720101510 
387	386	99.718551947249622	Q20220720101510 
387	388	99.718551947254753	Q20220720101510 
388	387	99.718551947254753	Q20220720101510 
388	389	94.112761237815874	Q20220720101510 
389	388	94.112761237815874	Q20220720101510 
389	390	5.605790709349285	Q20220720101510 
390	389	5.605790709349285	Q20220720101510 
390	391	99.718551947116993	Q20220720101510 
391	390	99.718551947116993	Q20220720101510 
391	392	99.718551947087903	Q20220720101510 
392	391	99.718551947087903	Q20220720101510 
392	393	33.157228932302623	Q20220720101510 
393	392	33.157228932302623	Q20220720101510 
393	394	66.561323015175873	Q20220720101510 
394	393	66.561323015175873	Q20220720101510 
394	395	99.718551947124254	Q20220720101510 
395	394	99.718551947124254	Q20220720101510 
395	396	99.718551947124254	Q20220720101510 
396	395	99.718551947124254	Q20220720101510 
396	397	99.718551947121952	Q20220720101510 
397	396	99.718551947121952	Q20220720101510 
397	398	35.111593960912479	Q20220720101510 
398	397	35.111593960912479	Q20220720101510 
398	399	64.606957986236353	Q20220720101510 
399	398	64.606957986236353	Q20220720101510 
399	400	99.718551947401068	Q20220720101510 
400	399	99.718551947401068	Q20220720101510 
400	401	99.718551947401068	Q20220720101510 
401	400	99.718551947401068	Q20220720101510 
401	402	99.718551947401068	Q20220720101510 
402	401	99.718551947401068	Q20220720101510 
402	403	99.718551947401068	Q20220720101510 
403	402	99.718551947401068	Q20220720101510 
403	404	99.718551947471894	Q20220720101510 
404	403	99.718551947471894	Q20220720101510 
404	405	36.764975373193494	Q20220720101510 
405	404	36.764975373193494	Q20220720101510 
405	406	62.953576574195296	Q20220720101510 
406	405	62.953576574195296	Q20220720101510 
406	407	99.718551947142487	Q20220720101510 
407	406	99.718551947142487	Q20220720101510 
407	408	99.718551947142487	Q20220720101510 
408	407	99.718551947142487	Q20220720101510 
408	409	99.718551947142487	Q20220720101510 
409	408	99.718551947142487	Q20220720101510 
409	410	99.718551947139844	Q20220720101510 
410	409	99.718551947139844	Q20220720101510 
410	411	99.718551947139844	Q20220720101510 
411	410	99.718551947139844	Q20220720101510 
411	412	99.718551947142487	Q20220720101510 
412	411	99.718551947142487	Q20220720101510 
412	413	99.718551947139844	Q20220720101510 
413	412	99.718551947139844	Q20220720101510 
413	414	99.718551947142487	Q20220720101510 
414	413	99.718551947142487	Q20220720101510 
414	415	9.206775225903018	Q20220720101510 
415	414	9.206775225903018	Q20220720101510 
415	416	90.511776721554483	Q20220720101510 
416	415	90.511776721554483	Q20220720101510 
416	417	99.718551947346256	Q20220720101510 
417	416	99.718551947346256	Q20220720101510 
417	418	99.718551947346256	Q20220720101510 
418	417	99.718551947346256	Q20220720101510 
418	419	99.718551947346256	Q20220720101510 
419	418	99.718551947346256	Q20220720101510 
419	420	99.718551947346256	Q20220720101510 
420	419	99.718551947346256	Q20220720101510 
420	421	19.049862908272527	Q20220720101510 
421	420	19.049862908272527	Q20220720101510 
421	422	80.668689039028564	Q20220720101510 
422	421	80.668689039028564	Q20220720101510 
422	423	99.718551947297556	Q20220720101510 
423	422	99.718551947297556	Q20220720101510 
423	424	99.718551947354058	Q20220720101510 
424	423	99.718551947354058	Q20220720101510 
424	425	99.718551947242403	Q20220720101510 
425	424	99.718551947242403	Q20220720101510 
425	426	16.622878306296620	Q20220720101510 
426	425	16.622878306296620	Q20220720101510 
426	427	83.095673640815264	Q20220720101510 
427	426	83.095673640815264	Q20220720101510 
427	428	99.718551947491264	Q20220720101510 
428	427	99.718551947491264	Q20220720101510 
428	429	99.718551947515550	Q20220720101510 
429	428	99.718551947515550	Q20220720101510 
429	430	99.718551947116651	Q20220720101510 
430	429	99.718551947116651	Q20220720101510 
430	431	45.627478027196375	Q20220720101510 
431	430	45.627478027196375	Q20220720101510 
431	432	54.091073920116479	Q20220720101510 
432	431	54.091073920116479	Q20220720101510 
432	433	99.718551947530557	Q20220720101510 
433	432	99.718551947530557	Q20220720101510 
433	434	99.718551947530557	Q20220720101510 
434	433	99.718551947530557	Q20220720101510 
434	435	99.718551947530557	Q20220720101510 
435	434	99.718551947530557	Q20220720101510 
435	436	99.718551947074175	Q20220720101510 
436	435	99.718551947074175	Q20220720101510 
436	437	99.718551947530557	Q20220720101510 
437	436	99.718551947530557	Q20220720101510 
437	438	46.493129486289277	Q20220720101510 
438	437	46.493129486289277	Q20220720101510 
438	439	53.225422461226756	Q20220720101510 
439	438	53.225422461226756	Q20220720101510 
439	440	99.718551947290976	Q20220720101510 
440	439	99.718551947290976	Q20220720101510 
440	441	32.869783256375570	Q20220720101510 
441	440	32.869783256375570	Q20220720101510 
441	442	66.848768690920366	Q20220720101510 
442	441	66.848768690920366	Q20220720101510 
442	443	57.172701885758769	Q20220720101510 
443	442	57.172701885758769	Q20220720101510 
443	444	42.545850061644273	Q20220720101510 
444	443	42.545850061644273	Q20220720101510 
444	445	99.718551947100607	Q20220720101510 
445	444	99.718551947100607	Q20220720101510 
445	446	31.957648032817705	Q20220720101510 
446	445	31.957648032817705	Q20220720101510 
446	447	67.760903914475605	Q20220720101510 
447	446	67.760903914475605	Q20220720101510 
447	448	99.718551947342959	Q20220720101510 
448	447	99.718551947342959	Q20220720101510 
448	449	99.718551947342959	Q20220720101510 
449	448	99.718551947342959	Q20220720101510 
449	450	99.718551947342959	Q20220720101510 
450	449	99.718551947342959	Q20220720101510 
450	451	99.718551947393621	Q20220720101510 
451	450	99.718551947393621	Q20220720101510 
451	452	99.718551947215289	Q20220720101510 
452	451	99.718551947215289	Q20220720101510 
452	453	30.625279879336460	Q20220720101510 
453	452	30.625279879336460	Q20220720101510 
453	454	69.093272068110139	Q20220720101510 
454	453	69.093272068110139	Q20220720101510 
454	455	99.718551947336380	Q20220720101510 
455	454	99.718551947336380	Q20220720101510 
455	456	99.718551947336380	Q20220720101510 
456	455	99.718551947336380	Q20220720101510 
456	457	88.064114759724646	Q20220720101510 
457	456	88.064114759724646	Q20220720101510 
457	458	11.654437187608076	Q20220720101510 
458	457	11.654437187608076	Q20220720101510 
458	459	99.718551947428310	Q20220720101510 
459	458	99.718551947428310	Q20220720101510 
459	460	99.718551947428310	Q20220720101510 
460	459	99.718551947428310	Q20220720101510 
460	461	99.718551947428310	Q20220720101510 
461	460	99.718551947428310	Q20220720101510 
461	462	99.718551947441043	Q20220720101510 
462	461	99.718551947441043	Q20220720101510 
462	463	99.718551947441043	Q20220720101510 
463	462	99.718551947441043	Q20220720101510 
463	464	99.718551947441043	Q20220720101510 
464	463	99.718551947441043	Q20220720101510 
464	465	24.691590524891414	Q20220720101510 
465	464	24.691590524891414	Q20220720101510 
465	466	75.026961422266552	Q20220720101510 
466	465	75.026961422266552	Q20220720101510 
466	467	99.718551947243512	Q20220720101510 
467	466	99.718551947243512	Q20220720101510 
467	468	99.718551947243512	Q20220720101510 
468	467	99.718551947243512	Q20220720101510 
468	469	25.544522977077264	Q20220720101510 
469	468	25.544522977077264	Q20220720101510 
469	470	74.174028970276581	Q20220720101510 
470	469	74.174028970276581	Q20220720101510 
470	471	99.718551947131090	Q20220720101510 
471	470	99.718551947131090	Q20220720101510 
471	472	99.718551947463965	Q20220720101510 
472	471	99.718551947463965	Q20220720101510 
472	473	57.337496807234366	Q20220720101510 
473	472	57.337496807234366	Q20220720101510 
473	474	42.381055140081706	Q20220720101510 
474	473	42.381055140081706	Q20220720101510 
474	475	99.718551947380533	Q20220720101510 
475	474	99.718551947380533	Q20220720101510 
475	476	87.286610420940534	Q20220720101510 
476	475	87.286610420940534	Q20220720101510 
476	477	12.431941526256317	Q20220720101510 
477	476	12.431941526256317	Q20220720101510 
477	478	99.718551947372447	Q20220720101510 
478	477	99.718551947372447	Q20220720101510 
478	479	99.718551947372447	Q20220720101510 
479	478	99.718551947372447	Q20220720101510 
479	480	99.718551947372447	Q20220720101510 
480	479	99.718551947372447	Q20220720101510 
480	481	99.718551947372447	Q20220720101510 
481	480	99.718551947372447	Q20220720101510 
481	482	99.718551947237358	Q20220720101510 
482	481	99.718551947237358	Q20220720101510 
482	483	99.718551947372447	Q20220720101510 
483	482	99.718551947372447	Q20220720101510 
483	484	99.718551947237358	Q20220720101510 
484	483	99.718551947237358	Q20220720101510 
484	485	99.718551947372447	Q20220720101510 
485	484	99.718551947372447	Q20220720101510 
485	486	53.169132119927603	Q20220720101510 
486	485	53.169132119927603	Q20220720101510 
486	487	46.549419827506391	Q20220720101510 
487	486	46.549419827506391	Q20220720101510 
487	488	99.718551947364332	Q20220720101510 
488	487	99.718551947364332	Q20220720101510 
488	489	99.718551947404109	Q20220720101510 
489	488	99.718551947404109	Q20220720101510 
489	490	99.718551947404109	Q20220720101510 
490	489	99.718551947404109	Q20220720101510 
490	491	78.181333996439491	Q20220720101510 
491	490	78.181333996439491	Q20220720101510 
491	492	21.537217951043413	Q20220720101510 
492	491	21.537217951043413	Q20220720101510 
492	493	99.718551947081366	Q20220720101510 
493	492	99.718551947081366	Q20220720101510 
493	494	99.718551947518506	Q20220720101510 
494	493	99.718551947518506	Q20220720101510 
494	495	99.718551947101417	Q20220720101510 
495	494	99.718551947101417	Q20220720101510 
495	496	93.866040001263599	Q20220720101510 
496	495	93.866040001263599	Q20220720101510 
497	245	99.718551947311639	Q20220720160019 
497	498	99.718551947307972	Q20220720160019 
498	497	99.718551947307972	Q20220720160019 
498	499	99.718551947311639	Q20220720160019 
499	498	99.718551947311639	Q20220720160019 
499	500	99.718551947307972	Q20220720160019 
500	499	99.718551947307972	Q20220720160019 
500	501	99.718551947311639	Q20220720160019 
501	500	99.718551947311639	Q20220720160019 
501	502	99.718551947307972	Q20220720160019 
502	501	99.718551947307972	Q20220720160019 
502	503	99.718551947311639	Q20220720160019 
503	502	99.718551947311639	Q20220720160019 
503	504	99.718551947307972	Q20220720160019 
504	503	99.718551947307972	Q20220720160019 
504	505	99.718551947311639	Q20220720160019 
505	504	99.718551947311639	Q20220720160019 
505	506	90.804437724879250	Q20220720160019 
506	505	90.804437724879250	Q20220720160019 
506	507	8.914114222539626	Q20220720160019 
507	506	8.914114222539626	Q20220720160019 
507	508	99.718551947202144	Q20220720160019 
508	507	99.718551947202144	Q20220720160019 
508	509	99.718551947202144	Q20220720160019 
509	508	99.718551947202144	Q20220720160019 
509	510	99.718551947202144	Q20220720160019 
510	509	99.718551947202144	Q20220720160019 
510	511	99.718551947202144	Q20220720160019 
511	510	99.718551947202144	Q20220720160019 
511	512	99.718551947202144	Q20220720160019 
512	511	99.718551947202144	Q20220720160019 
512	513	99.718551947202144	Q20220720160019 
513	512	99.718551947202144	Q20220720160019 
513	514	99.718551947202144	Q20220720160019 
514	513	99.718551947202144	Q20220720160019 
514	515	99.718551947202144	Q20220720160019 
515	514	99.718551947202144	Q20220720160019 
515	516	99.718551947202144	Q20220720160019 
516	515	99.718551947202144	Q20220720160019 
516	517	99.718551947154026	Q20220720160019 
517	516	99.718551947154026	Q20220720160019 
517	518	99.718551947415975	Q20220720160019 
518	517	99.718551947415975	Q20220720160019 
518	519	99.718551947154026	Q20220720160019 
519	518	99.718551947154026	Q20220720160019 
519	520	99.718551947415975	Q20220720160019 
520	519	99.718551947415975	Q20220720160019 
520	521	99.718551947154026	Q20220720160019 
521	520	99.718551947154026	Q20220720160019 
521	522	99.718551947415975	Q20220720160019 
522	521	99.718551947415975	Q20220720160019 
522	523	99.718551947202144	Q20220720160019 
523	522	99.718551947202144	Q20220720160019 
523	524	99.718551947415975	Q20220720160019 
524	523	99.718551947415975	Q20220720160019 
524	525	99.718551947202144	Q20220720160019 
525	524	99.718551947202144	Q20220720160019 
525	526	22.052404073487715	Q20220720160019 
526	525	22.052404073487715	Q20220720160019 
526	527	77.666147873800469	Q20220720160019 
527	526	77.666147873800469	Q20220720160019 
527	528	99.718551947274847	Q20220720160019 
528	527	99.718551947274847	Q20220720160019 
528	529	99.718551947274847	Q20220720160019 
529	528	99.718551947274847	Q20220720160019 
529	530	99.718551947333054	Q20220720160019 
530	529	99.718551947333054	Q20220720160019 
530	531	99.718551947325551	Q20220720160019 
531	530	99.718551947325551	Q20220720160019 
531	532	5.970585945721716	Q20220720160019 
532	531	5.970585945721716	Q20220720160019 
532	533	93.747966001471099	Q20220720160019 
533	532	93.747966001471099	Q20220720160019 
533	534	99.718551947378330	Q20220720160019 
534	533	99.718551947378330	Q20220720160019 
534	535	99.718551947378330	Q20220720160019 
535	534	99.718551947378330	Q20220720160019 
535	536	99.718551947421787	Q20220720160019 
536	535	99.718551947421787	Q20220720160019 
536	537	99.718551947421787	Q20220720160019 
537	536	99.718551947421787	Q20220720160019 
537	538	80.568223255465142	Q20220720160019 
538	537	80.568223255465142	Q20220720160019 
538	539	19.150328691824392	Q20220720160019 
539	538	19.150328691824392	Q20220720160019 
539	540	99.718551947308157	Q20220720160019 
540	539	99.718551947308157	Q20220720160019 
540	541	99.718551947250788	Q20220720160019 
541	540	99.718551947250788	Q20220720160019 
541	542	57.735246387792060	Q20220720160019 
542	541	57.735246387792060	Q20220720160019 
542	543	99.718551947212816	Q20220720160118 
543	542	99.718551947212816	Q20220720160118 
543	544	99.718551947163292	Q20220720160118 
544	543	99.718551947163292	Q20220720160118 
544	545	99.718551947408159	Q20220720160118 
545	544	99.718551947408159	Q20220720160118 
545	546	99.718551947212816	Q20220720160118 
546	545	99.718551947212816	Q20220720160118 
546	547	99.718551947358648	Q20220720160118 
547	546	99.718551947358648	Q20220720160118 
547	548	4.559092722098978	Q20220720160118 
548	547	4.559092722098978	Q20220720160118 
548	549	95.159459225033331	Q20220720160118 
549	548	95.159459225033331	Q20220720160118 
549	550	99.718551947386430	Q20220720160118 
550	549	99.718551947386430	Q20220720160118 
550	551	99.718551947386430	Q20220720160118 
551	550	99.718551947386430	Q20220720160118 
551	552	99.718551947386430	Q20220720160118 
552	551	99.718551947386430	Q20220720160118 
552	553	99.718551947419400	Q20220720160118 
553	552	99.718551947419400	Q20220720160118 
553	554	99.718551947419400	Q20220720160118 
554	553	99.718551947419400	Q20220720160118 
554	555	99.718551947452383	Q20220720160118 
555	554	99.718551947452383	Q20220720160118 
555	556	61.968728412372840	Q20220720160118 
556	555	61.968728412372840	Q20220720160118 
556	557	37.749823534862877	Q20220720160118 
557	556	37.749823534862877	Q20220720160118 
557	558	99.718551947335698	Q20220720160118 
558	557	99.718551947335698	Q20220720160118 
558	559	99.718551947335698	Q20220720160118 
559	558	99.718551947335698	Q20220720160118 
559	560	99.718551947335698	Q20220720160118 
560	559	99.718551947335698	Q20220720160118 
560	561	99.718551947335698	Q20220720160118 
561	560	99.718551947335698	Q20220720160118 
561	562	99.718551947335698	Q20220720160118 
562	561	99.718551947335698	Q20220720160118 
562	563	55.140552661703289	Q20220720160118 
563	562	55.140552661703289	Q20220720160118 
563	564	44.577999285793098	Q20220720160118 
564	563	44.577999285793098	Q20220720160118 
564	565	99.718551947233863	Q20220720160118 
565	564	99.718551947233863	Q20220720160118 
565	566	99.718551947233863	Q20220720160118 
566	565	99.718551947233863	Q20220720160118 
566	567	99.718551947233863	Q20220720160118 
567	566	99.718551947233863	Q20220720160118 
567	568	99.718551947233863	Q20220720160118 
568	567	99.718551947233863	Q20220720160118 
568	569	99.718551947233863	Q20220720160118 
569	568	99.718551947233863	Q20220720160118 
569	570	99.718551947233863	Q20220720160118 
570	569	99.718551947233863	Q20220720160118 
570	571	99.718551947233863	Q20220720160118 
571	570	99.718551947233863	Q20220720160118 
571	572	99.718551947233863	Q20220720160118 
572	571	99.718551947233863	Q20220720160118 
572	573	99.718551947233863	Q20220720160118 
573	572	99.718551947233863	Q20220720160118 
573	574	99.718551947233863	Q20220720160118 
574	573	99.718551947233863	Q20220720160118 
574	575	99.718551947233863	Q20220720160118 
575	574	99.718551947233863	Q20220720160118 
575	576	99.718551947233863	Q20220720160118 
576	575	99.718551947233863	Q20220720160118 
576	577	99.718551947233863	Q20220720160118 
577	576	99.718551947233863	Q20220720160118 
577	578	99.718551947233863	Q20220720160118 
578	577	99.718551947233863	Q20220720160118 
578	579	99.718551947250859	Q20220720160118 
579	578	99.718551947250859	Q20220720160118 
579	580	99.718551947233863	Q20220720160118 
580	579	99.718551947233863	Q20220720160118 
580	581	99.718551947233863	Q20220720160118 
581	580	99.718551947233863	Q20220720160118 
581	582	99.718551947233863	Q20220720160118 
582	581	99.718551947233863	Q20220720160118 
582	583	99.718551947233863	Q20220720160118 
583	582	99.718551947233863	Q20220720160118 
583	584	99.718551947233863	Q20220720160118 
584	583	99.718551947233863	Q20220720160118 
584	585	99.718551947250859	Q20220720160118 
585	584	99.718551947250859	Q20220720160118 
585	586	99.718551947233863	Q20220720160118 
586	585	99.718551947233863	Q20220720160118 
586	587	99.718551947233863	Q20220720160118 
587	586	99.718551947233863	Q20220720160118 
587	588	99.718551947233863	Q20220720160118 
588	587	99.718551947233863	Q20220720160118 
588	589	99.718551947233863	Q20220720160118 
589	588	99.718551947233863	Q20220720160118 
589	590	99.718551947233863	Q20220720160118 
590	589	99.718551947233863	Q20220720160118 
590	591	99.718551947250859	Q20220720160118 
591	590	99.718551947250859	Q20220720160118 
591	592	99.718551947233863	Q20220720160118 
592	591	99.718551947233863	Q20220720160118 
592	593	99.718551947233863	Q20220720160118 
593	592	99.718551947233863	Q20220720160118 
593	594	48.249213464596068	Q20220720160118 
594	593	48.249213464596068	Q20220720160118 
